1727957577873 0.8 0
1727957588032 2.5 1
1727957598077 4.7 2
1727957608115 4.7 3
1727957618152 4.7 4
1727957628190 4.6 5
1727957638245 5.1 6
1727957648290 4.7 7
1727957658348 5.0 8
1727957668390 5.4 9
1727957678428 5.4 10
1727957688466 5.1 11
1727957698609 4.8 12
1727957708648 3.5 13
1727957718698 4.1 14
1727957728746 5.5 15
1727957738785 4.1 16
1727957748824 4.5 17
1727957758862 3.7 18
1727957768902 5.0 19
1727957779101 6.6 20
1727957789166 7.6 21
1727957799204 7.4 22
1727957809242 6.4 23
1727957819283 4.5 24
1727957829323 4.6 25
1727957839362 6.5 26
1727957849417 6.3 27
1727957859478 7.0 28
1727957869521 6.2 29
1727957879561 6.0 30
1727957889602 3.3 31
1727957899672 6.5 32
1727957909748 6.8 33
1727957919802 6.0 34
1727957929844 6.5 35
1727957939886 5.8 36
1727957949927 5.0 37
1727957959967 6.8 38
1727957970009 7.4 39
1727957980050 8.4 40
1727957990092 7.6 41
1727958000133 5.9 42
1727958010174 5.6 43
1727958020228 5.2 44
1727958030273 7.2 45
1727958040313 7.2 46
1727958050354 6.8 47
1727958060393 6.4 48
1727958070524 5.7 49
1727958080607 6.5 50
1727958090650 8.1 51
1727958100697 7.4 52
1727958110743 7.5 53
1727958120786 7.0 54
1727958130828 3.1 55
1727958140880 5.6 56
1727958150939 6.1 57
1727958160989 7.6 58
1727958171032 7.3 59
1727958181075 6.7 60
1727958191116 2.8 61
1727958201158 2.8 62
1727958211207 7.0 63
1727958221286 7.3 64
1727958231340 5.8 65
1727958241383 7.2 66
1727958251424 4.7 67
1727958261467 5.4 68
1727958271510 7.1 69
1727958281553 8.0 70
1727958291597 6.5 71
1727958301677 8.1 72
1727958311724 7.1 73
1727958321774 7.9 74
1727958331824 5.2 75
1727958341869 8.0 76
1727958351910 8.2 77
1727958361952 9.3 78
1727958372002 8.9 79
1727958382056 14.7 80
1727958392100 13.5 81
1727958402155 17.6 82
1727958412199 17.7 83
1727958422242 19.0 84
1727958432284 17.7 85
1727958442327 15.4 86
1727958452444 15.4 87
1727958462497 17.7 88
1727958472541 15.8 89
1727958482604 17.4 90
1727958492666 16.2 91
1727958502712 12.8 92
1727958512756 14.1 93
1727958522799 15.7 94
1727958532843 17.2 95
1727958542887 16.2 96
1727958552933 18.0 97
1727958562977 13.7 98
1727958573023 16.7 99
1727958583078 14.1 100
1727958593126 11.4 101
1727958603173 11.1 102
1727958613219 13.7 103
1727958623263 9.1 104
1727958633313 8.7 105
