1727957577873 25282.2 0
1727957588032 25282.2 1
1727957598077 25282.2 2
1727957608115 25282.2 3
1727957618152 25282.2 4
1727957628190 25282.2 5
1727957638245 25282.2 6
1727957648290 25282.2 7
1727957658348 25282.2 8
1727957668390 25282.2 9
1727957678428 25282.2 10
1727957688466 25282.2 11
1727957698609 25282.2 12
1727957708648 25282.2 13
1727957718698 25282.2 14
1727957728746 25282.2 15
1727957738785 25282.2 16
1727957748824 25282.2 17
1727957758862 25282.2 18
1727957768902 25282.2 19
1727957779101 25282.2 20
1727957789166 25282.2 21
1727957799204 25282.2 22
1727957809242 25282.2 23
1727957819283 25282.2 24
1727957829323 25282.2 25
1727957839362 25282.2 26
1727957849417 25282.2 27
1727957859478 25282.2 28
1727957869521 25282.2 29
1727957879561 25282.2 30
1727957889602 25282.2 31
1727957899672 25282.2 32
1727957909748 25282.2 33
1727957919802 25282.2 34
1727957929844 25282.2 35
1727957939886 25282.2 36
1727957949927 25282.2 37
1727957959967 25282.2 38
1727957970009 25282.2 39
1727957980050 25282.2 40
1727957990092 25282.2 41
1727958000133 25282.2 42
1727958010174 25282.2 43
1727958020228 25282.2 44
1727958030273 25282.2 45
1727958040313 25282.2 46
1727958050354 25282.2 47
1727958060393 25282.2 48
1727958070524 25282.2 49
1727958080607 25282.2 50
1727958090650 25282.2 51
1727958100697 25282.2 52
1727958110743 25282.2 53
1727958120786 25282.2 54
1727958130828 25282.2 55
1727958140880 25282.2 56
1727958150939 25282.2 57
1727958160989 25282.2 58
1727958171032 25282.2 59
1727958181075 25282.2 60
1727958191116 25282.2 61
1727958201158 25282.2 62
1727958211207 25282.2 63
1727958221286 25282.2 64
1727958231340 25282.2 65
1727958241383 25282.2 66
1727958251424 25282.2 67
1727958261467 25282.2 68
1727958271510 25282.2 69
1727958281553 25282.2 70
1727958291597 25282.2 71
1727958301677 25282.2 72
1727958311724 25282.2 73
1727958321774 25282.2 74
1727958331824 25282.2 75
1727958341869 25282.2 76
1727958351910 25283.3 77
1727958361952 25284.0 78
1727958372002 25284.0 79
1727958382056 25284.0 80
1727958392100 25283.5 81
1727958402155 25283.5 82
1727958412199 25283.5 83
1727958422242 25283.5 84
1727958432284 25283.5 85
1727958442327 25283.5 86
1727958452444 25283.5 87
1727958462497 25283.5 88
1727958472541 25283.5 89
1727958482604 25283.5 90
1727958492666 25283.5 91
1727958502712 25283.5 92
1727958512756 25283.5 93
1727958522799 25283.5 94
1727958532843 25283.5 95
1727958542887 25283.5 96
1727958552933 25283.5 97
1727958562977 25283.5 98
1727958573023 25283.5 99
1727958583078 25283.5 100
1727958593126 25283.5 101
1727958603173 25284.0 102
1727958613219 25336.7 103
1727958623263 25336.3 104
1727958633313 25336.4 105
