1727957577873 213537.3 0
1727957588032 213537.3 1
1727957598077 213537.3 2
1727957608115 213537.3 3
1727957618152 213537.3 4
1727957628190 213537.3 5
1727957638245 213537.3 6
1727957648290 213537.3 7
1727957658348 213537.3 8
1727957668390 213537.3 9
1727957678428 213537.3 10
1727957688466 213537.3 11
1727957698609 213537.3 12
1727957708648 213537.3 13
1727957718698 213537.3 14
1727957728746 213537.3 15
1727957738785 213537.3 16
1727957748824 213537.3 17
1727957758862 213537.3 18
1727957768902 213537.3 19
1727957779101 213537.3 20
1727957789166 213537.3 21
1727957799204 213537.3 22
1727957809242 213537.3 23
1727957819283 213537.3 24
1727957829323 213537.3 25
1727957839362 213537.3 26
1727957849417 213537.3 27
1727957859478 213537.3 28
1727957869521 213537.3 29
1727957879561 213537.3 30
1727957889602 213537.3 31
1727957899672 213537.3 32
1727957909748 213537.3 33
1727957919802 213537.3 34
1727957929844 213537.3 35
1727957939886 213537.3 36
1727957949927 213537.3 37
1727957959967 213537.3 38
1727957970009 213537.3 39
1727957980050 213537.3 40
1727957990092 213537.3 41
1727958000133 213537.3 42
1727958010174 213537.3 43
1727958020228 213537.3 44
1727958030273 213537.3 45
1727958040313 213537.3 46
1727958050354 213537.3 47
1727958060393 213537.3 48
1727958070524 213537.3 49
1727958080607 213537.3 50
1727958090650 213537.3 51
1727958100697 213537.3 52
1727958110743 213537.3 53
1727958120786 213537.3 54
1727958130828 213537.3 55
1727958140880 213537.3 56
1727958150939 213537.3 57
1727958160989 213537.3 58
1727958171032 213537.3 59
1727958181075 213537.3 60
1727958191116 213537.3 61
1727958201158 213537.3 62
1727958211207 213537.3 63
1727958221286 213537.3 64
1727958231340 213537.3 65
1727958241383 213537.3 66
1727958251424 213537.3 67
1727958261467 213537.3 68
1727958271510 213537.3 69
1727958281553 213537.3 70
1727958291597 213537.3 71
1727958301677 213537.3 72
1727958311724 213537.3 73
1727958321774 213537.3 74
1727958331824 213537.3 75
1727958341869 213537.3 76
1727958351910 213536.1 77
1727958361952 213535.4 78
1727958372002 213535.4 79
1727958382056 213535.5 80
1727958392100 213536.0 81
1727958402155 213536.0 82
1727958412199 213536.0 83
1727958422242 213536.0 84
1727958432284 213536.0 85
1727958442327 213536.0 86
1727958452444 213536.0 87
1727958462497 213536.0 88
1727958472541 213536.0 89
1727958482604 213536.0 90
1727958492666 213536.0 91
1727958502712 213536.0 92
1727958512756 213536.0 93
1727958522799 213536.0 94
1727958532843 213536.0 95
1727958542887 213536.0 96
1727958552933 213536.0 97
1727958562977 213536.0 98
1727958573023 213536.0 99
1727958583078 213536.0 100
1727958593126 213536.0 101
1727958603173 213535.5 102
1727958613219 213482.8 103
1727958623263 213483.1 104
1727958633313 213483.1 105
