1727957577873 10.6 0
1727957588032 10.6 1
1727957598077 10.6 2
1727957608115 10.6 3
1727957618152 10.6 4
1727957628190 10.6 5
1727957638245 10.6 6
1727957648290 10.6 7
1727957658348 10.6 8
1727957668390 10.6 9
1727957678428 10.6 10
1727957688466 10.6 11
1727957698609 10.6 12
1727957708648 10.6 13
1727957718698 10.6 14
1727957728746 10.6 15
1727957738785 10.6 16
1727957748824 10.6 17
1727957758862 10.6 18
1727957768902 10.6 19
1727957779101 10.6 20
1727957789166 10.6 21
1727957799204 10.6 22
1727957809242 10.6 23
1727957819283 10.6 24
1727957829323 10.6 25
1727957839362 10.6 26
1727957849417 10.6 27
1727957859478 10.6 28
1727957869521 10.6 29
1727957879561 10.6 30
1727957889602 10.6 31
1727957899672 10.6 32
1727957909748 10.6 33
1727957919802 10.6 34
1727957929844 10.6 35
1727957939886 10.6 36
1727957949927 10.6 37
1727957959967 10.6 38
1727957970009 10.6 39
1727957980050 10.6 40
1727957990092 10.6 41
1727958000133 10.6 42
1727958010174 10.6 43
1727958020228 10.6 44
1727958030273 10.6 45
1727958040313 10.6 46
1727958050354 10.6 47
1727958060393 10.6 48
1727958070524 10.6 49
1727958080607 10.6 50
1727958090650 10.6 51
1727958100697 10.6 52
1727958110743 10.6 53
1727958120786 10.6 54
1727958130828 10.6 55
1727958140880 10.6 56
1727958150939 10.6 57
1727958160989 10.6 58
1727958171032 10.6 59
1727958181075 10.6 60
1727958191116 10.6 61
1727958201158 10.6 62
1727958211207 10.6 63
1727958221286 10.6 64
1727958231340 10.6 65
1727958241383 10.6 66
1727958251424 10.6 67
1727958261467 10.6 68
1727958271510 10.6 69
1727958281553 10.6 70
1727958291597 10.6 71
1727958301677 10.6 72
1727958311724 10.6 73
1727958321774 10.6 74
1727958331824 10.6 75
1727958341869 10.6 76
1727958351910 10.6 77
1727958361952 10.6 78
1727958372002 10.6 79
1727958382056 10.6 80
1727958392100 10.6 81
1727958402155 10.6 82
1727958412199 10.6 83
1727958422242 10.6 84
1727958432284 10.6 85
1727958442327 10.6 86
1727958452444 10.6 87
1727958462497 10.6 88
1727958472541 10.6 89
1727958482604 10.6 90
1727958492666 10.6 91
1727958502712 10.6 92
1727958512756 10.6 93
1727958522799 10.6 94
1727958532843 10.6 95
1727958542887 10.6 96
1727958552933 10.6 97
1727958562977 10.6 98
1727958573023 10.6 99
1727958583078 10.6 100
1727958593126 10.6 101
1727958603173 10.6 102
1727958613219 10.6 103
1727958623263 10.6 104
1727958633313 10.6 105
