1727957577873 0.0034620165824890137 0
1727957588032 3.632502019405365 1
1727957598077 4.967747002840042 2
1727957608115 6.335117012262344 3
1727957618152 7.731622010469437 4
1727957628190 9.178969025611877 5
1727957638245 10.742134004831314 6
1727957648290 12.12694200873375 7
1727957658348 13.496025025844574 8
1727957668390 14.936485022306442 9
1727957678428 16.386095017194748 10
1727957688466 17.945590019226074 11
1727957698609 19.378534018993378 12
1727957708648 20.620715022087097 13
1727957718698 21.746834009885788 14
1727957728746 23.18246501684189 15
1727957738785 24.392355024814606 16
1727957748824 25.77562102675438 17
1727957758862 27.160198003053665 18
1727957768902 28.493696004152298 19
1727957779101 29.98649302124977 20
1727957789166 31.38188600540161 21
1727957799204 32.67900800704956 22
1727957809242 33.91488102078438 23
1727957819283 34.973798006772995 24
1727957829323 36.039433002471924 25
1727957839362 37.241624027490616 26
1727957849417 38.435243010520935 27
1727957859478 39.726849019527435 28
1727957869521 41.04778000712395 29
1727957879561 42.26393300294876 30
1727957889602 43.114922016859055 31
1727957899672 44.36539000272751 32
1727957909748 45.711659014225006 33
1727957919802 46.80529001355171 34
1727957929844 48.03257501125336 35
1727957939886 49.35298401117325 36
1727957949927 50.569680005311966 37
1727957959967 51.85735401511192 38
1727957970009 53.20216402411461 39
1727957980050 54.61690402030945 40
1727957990092 56.01087599992752 41
1727958000133 57.22992300987244 42
1727958010174 58.509902000427246 43
1727958020228 59.564056009054184 44
1727958030273 60.826287001371384 45
1727958040313 62.08689400553703 46
1727958050354 63.392611026763916 47
1727958060393 64.70412001013756 48
1727958070524 65.91942700743675 49
1727958080607 67.31965002417564 50
1727958090650 68.6210940182209 51
1727958100697 70.06536102294922 52
1727958110743 71.3958860039711 53
1727958120786 72.75726202130318 54
1727958130828 73.56991901993752 55
1727958140880 74.84965699911118 56
1727958150939 76.02309900522232 57
1727958160989 77.296816021204 58
1727958171032 78.65248602628708 59
1727958181075 79.96713501214981 60
1727958191116 80.76649102568626 61
1727958201158 81.59785401821136 62
1727958211207 82.98701500892639 63
1727958221286 84.42623701691628 64
1727958231340 85.59492599964142 65
1727958241383 86.81768000125885 66
1727958251424 87.94193202257156 67
1727958261467 89.17335802316666 68
1727958271510 90.56172600388527 69
1727958281553 91.93739801645279 70
1727958291597 93.16804501414299 71
1727958301677 94.54619601368904 72
1727958311724 95.93062302470207 73
1727958321774 97.44497501850128 74
1727958331824 98.6670450270176 75
1727958341869 100.16827702522278 76
1727958351910 102.99598002433777 77
1727958361952 412.4830760061741 78
1727958372002 766.462613016367 79
1727958382056 767.6442780196667 80
1727958392100 7331.544391006231 81
1727958402155 10018.675987005234 82
1727958412199 12149.178030014038 83
1727958422242 14623.190233021975 84
1727958432284 16434.86609402299 85
1727958442327 18720.052568018436 86
1727958452444 20920.70256102085 87
1727958462497 22901.66968500614 88
1727958472541 25152.997867017984 89
1727958482604 27201.573152005672 90
1727958492666 29313.361711025238 91
1727958502712 31145.703360021114 92
1727958512756 33346.037932008505 93
1727958522799 35870.76386600733 94
1727958532843 37310.07655900717 95
1727958542887 39469.441756010056 96
1727958552933 40925.989822000265 97
1727958562977 42552.470638006926 98
1727958573023 44010.535888016224 99
1727958583078 44925.32901400328 100
1727958593126 46059.63663101196 101
1727958603173 46972.820451021194 102
1727958613219 47700.56650400162 103
1727958623263 48256.12301802635 104
1727958633313 48882.335067003965 105
