1727957577873 0.005066007375717163 0
1727957588032 3.607303023338318 1
1727957598077 5.14799901843071 2
1727957608115 6.813135027885437 3
1727957618152 8.521618008613586 4
1727957628190 10.078588008880615 5
1727957638245 11.780218005180359 6
1727957648290 13.309787005186081 7
1727957658348 14.87441200017929 8
1727957668390 16.528963029384613 9
1727957678428 18.242820024490356 10
1727957688466 19.972608000040054 11
1727957698609 21.541192024946213 12
1727957708648 22.96238201856613 13
1727957718698 24.238918006420135 14
1727957728746 25.91780400276184 15
1727957738785 27.37746900320053 16
1727957748824 28.96371802687645 17
1727957758862 30.523827999830246 18
1727957768902 31.985609024763107 19
1727957779101 33.74685600399971 20
1727957789166 35.401682019233704 21
1727957799204 36.99202302098274 22
1727957809242 38.46610102057457 23
1727957819283 39.612726002931595 24
1727957829323 40.85307502746582 25
1727957839362 42.30889701843262 26
1727957849417 43.764562010765076 27
1727957859478 45.29593700170517 28
1727957869521 46.873845010995865 29
1727957879561 48.33922001719475 30
1727957889602 49.24301600456238 31
1727957899672 50.77061602473259 32
1727957909748 52.562091022729874 33
1727957919802 53.98584300279617 34
1727957929844 55.41302600502968 35
1727957939886 57.01673102378845 36
1727957949927 58.33880001306534 37
1727957959967 59.925482004880905 38
1727957970009 61.596336007118225 39
1727957980050 63.41482001543045 40
1727957990092 65.12088602781296 41
1727958000133 66.49336901307106 42
1727958010174 68.07285302877426 43
1727958020228 69.40479302406311 44
1727958030273 70.8963230252266 45
1727958040313 72.55017602443695 46
1727958050354 74.21938502788544 47
1727958060393 75.75582301616669 48
1727958070524 77.2450960278511 49
1727958080607 78.98986402153969 50
1727958090650 80.66708600521088 51
1727958100697 82.39183700084686 52
1727958110743 84.09792500734329 53
1727958120786 85.83257901668549 54
1727958130828 86.78672602772713 55
1727958140880 88.25675401091576 56
1727958150939 89.82671102881432 57
1727958160989 91.40477401018143 58
1727958171032 93.17100602388382 59
1727958181075 94.90637201070786 60
1727958191116 95.70712000131607 61
1727958201158 96.85274600982666 62
1727958211207 98.79867801070213 63
1727958221286 100.71441802382469 64
1727958231340 102.12002900242805 65
1727958241383 103.77700001001358 66
1727958251424 105.12140801548958 67
1727958261467 106.72526600956917 68
1727958271510 108.38610500097275 69
1727958281553 110.26772701740265 70
1727958291597 111.9261420071125 71
1727958301677 113.77846702933311 72
1727958311724 115.41900500655174 73
1727958321774 117.39623901247978 74
1727958331824 118.84608700871468 75
1727958341869 120.87833100557327 76
1727958351910 124.21609702706337 77
1727958361952 128.59036400914192 78
1727958372002 132.06163600087166 79
1727958382056 133.5205950140953 80
1727958392100 147.8076820075512 81
1727958402155 155.01904702186584 82
1727958412199 161.02218702435493 83
1727958422242 167.5355540215969 84
1727958432284 172.72657802700996 85
1727958442327 178.73761200904846 86
1727958452444 184.7298850119114 87
1727958462497 190.45264300704002 88
1727958472541 196.40961900353432 89
1727958482604 202.41558700799942 90
1727958492666 208.19755101203918 91
1727958502712 212.53033700585365 92
1727958512756 218.440083026886 93
1727958522799 225.02980202436447 94
1727958532843 229.65908801555634 95
1727958542887 235.4465630054474 96
1727958552933 240.27964800596237 97
1727958562977 244.8463940024376 98
1727958573023 249.32474201917648 99
1727958583078 252.59557902812958 100
1727958593126 257.3148100078106 101
1727958603173 259.93323400616646 102
1727958613219 262.2287900149822 103
1727958623263 263.80598801374435 104
1727958633313 265.0984350144863 105
