1727957577873 11475.7 0
1727957588032 14612.4 1
1727957598077 14411.7 2
1727957608115 14533.6 3
1727957618152 14440.4 4
1727957628190 14531.2 5
1727957638245 14489.2 6
1727957648290 14419.6 7
1727957658348 14520.0 8
1727957668390 14510.7 9
1727957678428 14482.2 10
1727957688466 14450.9 11
1727957698609 14512.1 12
1727957708648 14436.0 13
1727957718698 14438.9 14
1727957728746 14429.4 15
1727957738785 14503.8 16
1727957748824 14542.6 17
1727957758862 14438.3 18
1727957768902 14533.0 19
1727957779101 14510.8 20
1727957789166 14428.0 21
1727957799204 14548.4 22
1727957809242 14494.7 23
1727957819283 14490.5 24
1727957829323 14497.7 25
1727957839362 14504.9 26
1727957849417 14419.5 27
1727957859478 14314.7 28
1727957869521 14293.6 29
1727957879561 14310.3 30
1727957889602 14406.9 31
1727957899672 14414.9 32
1727957909748 14318.6 33
1727957919802 14296.9 34
1727957929844 14419.8 35
1727957939886 14315.2 36
1727957949927 14415.3 37
1727957959967 14418.8 38
1727957970009 14171.4 39
1727957980050 14188.1 40
1727957990092 14154.1 41
1727958000133 14130.7 42
1727958010174 14147.7 43
1727958020228 14210.2 44
1727958030273 14128.2 45
1727958040313 13774.9 46
1727958050354 13771.7 47
1727958060393 13690.6 48
1727958070524 13769.1 49
1727958080607 13659.3 50
1727958090650 13679.2 51
1727958100697 13551.7 52
1727958110743 13492.2 53
1727958120786 13521.2 54
1727958130828 13601.2 55
1727958140880 13356.9 56
1727958150939 13358.3 57
1727958160989 13326.2 58
1727958171032 13438.2 59
1727958181075 13310.9 60
1727958191116 13365.3 61
1727958201158 13397.1 62
1727958211207 13342.8 63
1727958221286 13302.5 64
1727958231340 13289.5 65
1727958241383 13413.5 66
1727958251424 13272.1 67
1727958261467 13260.5 68
1727958271510 13163.9 69
1727958281553 13170.5 70
1727958291597 13163.3 71
1727958301677 13163.4 72
1727958311724 13204.9 73
1727958321774 13200.9 74
1727958331824 13110.5 75
1727958341869 13217.7 76
1727958351910 13359.2 77
1727958361952 13345.4 78
1727958372002 22049.2 79
1727958382056 54830.0 80
1727958392100 50761.6 81
1727958402155 51786.1 82
1727958412199 52055.7 83
1727958422242 52223.1 84
1727958432284 52348.5 85
1727958442327 52563.3 86
1727958452444 52763.0 87
1727958462497 52853.6 88
1727958472541 53146.1 89
1727958482604 53275.2 90
1727958492666 53365.1 91
1727958502712 53500.9 92
1727958512756 53779.0 93
1727958522799 53867.8 94
1727958532843 54040.1 95
1727958542887 54277.9 96
1727958552933 54571.4 97
1727958562977 55090.7 98
1727958573023 55814.7 99
1727958583078 55469.9 100
1727958593126 53709.5 101
1727958603173 51732.4 102
1727958613219 50512.8 103
1727958623263 50467.0 104
1727958633313 47684.3 105
