1727957577873 2.1 0
1727957588032 2.7 1
1727957598077 2.7 2
1727957608115 2.7 3
1727957618152 2.7 4
1727957628190 2.7 5
1727957638245 2.7 6
1727957648290 2.7 7
1727957658348 2.7 8
1727957668390 2.7 9
1727957678428 2.7 10
1727957688466 2.7 11
1727957698609 2.7 12
1727957708648 2.7 13
1727957718698 2.7 14
1727957728746 2.7 15
1727957738785 2.7 16
1727957748824 2.7 17
1727957758862 2.7 18
1727957768902 2.7 19
1727957779101 2.7 20
1727957789166 2.7 21
1727957799204 2.7 22
1727957809242 2.7 23
1727957819283 2.7 24
1727957829323 2.7 25
1727957839362 2.7 26
1727957849417 2.7 27
1727957859478 2.7 28
1727957869521 2.6 29
1727957879561 2.6 30
1727957889602 2.7 31
1727957899672 2.7 32
1727957909748 2.7 33
1727957919802 2.6 34
1727957929844 2.7 35
1727957939886 2.7 36
1727957949927 2.7 37
1727957959967 2.7 38
1727957970009 2.6 39
1727957980050 2.6 40
1727957990092 2.6 41
1727958000133 2.6 42
1727958010174 2.6 43
1727958020228 2.6 44
1727958030273 2.6 45
1727958040313 2.6 46
1727958050354 2.6 47
1727958060393 2.5 48
1727958070524 2.5 49
1727958080607 2.5 50
1727958090650 2.5 51
1727958100697 2.5 52
1727958110743 2.5 53
1727958120786 2.5 54
1727958130828 2.5 55
1727958140880 2.5 56
1727958150939 2.5 57
1727958160989 2.5 58
1727958171032 2.5 59
1727958181075 2.5 60
1727958191116 2.5 61
1727958201158 2.5 62
1727958211207 2.5 63
1727958221286 2.5 64
1727958231340 2.5 65
1727958241383 2.5 66
1727958251424 2.5 67
1727958261467 2.5 68
1727958271510 2.4 69
1727958281553 2.4 70
1727958291597 2.4 71
1727958301677 2.4 72
1727958311724 2.4 73
1727958321774 2.4 74
1727958331824 2.4 75
1727958341869 2.4 76
1727958351910 2.5 77
1727958361952 2.5 78
1727958372002 4.1 79
1727958382056 10.2 80
1727958392100 9.4 81
1727958402155 9.6 82
1727958412199 9.6 83
1727958422242 9.7 84
1727958432284 9.7 85
1727958442327 9.7 86
1727958452444 9.8 87
1727958462497 9.8 88
1727958472541 9.8 89
1727958482604 9.9 90
1727958492666 9.9 91
1727958502712 9.9 92
1727958512756 10.0 93
1727958522799 10.0 94
1727958532843 10.0 95
1727958542887 10.1 96
1727958552933 10.1 97
1727958562977 10.2 98
1727958573023 10.3 99
1727958583078 10.3 100
1727958593126 9.9 101
1727958603173 9.6 102
1727958613219 9.4 103
1727958623263 9.3 104
1727958633313 8.8 105
