1727617796314 98.3 0
1727617806389 37.5 1
1727617816435 20.4 2
1727617826495 10.9 3
1727617836538 16.9 4
1727617846586 22.5 5
1727617856631 18.3 6
1727617866682 12.0 7
1727617876745 30.6 8
1727617886804 18.8 9
1727617896873 14.4 10
1727617906938 22.9 11
1727617916987 11.9 12
1727617927036 9.0 13
1727617937088 12.8 14
1727617947134 23.6 15
1727617957184 9.4 16
1727617967240 16.2 17
1727617977289 8.5 18
1727617987352 16.2 19
1727617997420 12.1 20
1727618007466 12.0 21
1727618017510 8.5 22
1727618027626 9.1 23
1727618037710 15.4 24
1727618047781 13.8 25
1727618057851 18.0 26
1727618067899 21.7 27
1727618077953 16.1 28
1727618088009 19.0 29
1727618098060 18.4 30
1727618108117 33.1 31
1727618118174 13.8 32
1727618128229 28.0 33
1727618138286 39.6 34
