1727617796314 91360.7 0
1727617806389 91349.3 1
1727617816435 91348.9 2
1727617826495 91349.0 3
1727617836538 91347.1 4
1727617846586 91346.7 5
1727617856631 91346.4 6
1727617866682 91346.5 7
1727617876745 91349.9 8
1727617886804 91349.7 9
1727617896873 91349.6 10
1727617906938 91349.4 11
1727617916987 91349.4 12
1727617927036 91349.4 13
1727617937088 91349.5 14
1727617947134 91349.2 15
1727617957184 91349.3 16
1727617967240 91348.4 17
1727617977289 91349.1 18
1727617987352 91348.9 19
1727617997420 91348.8 20
1727618007466 91348.8 21
1727618017510 91348.8 22
1727618027626 91348.8 23
1727618037710 91348.8 24
1727618047781 91347.7 25
1727618057851 91350.7 26
1727618067899 91350.6 27
1727618077953 91350.4 28
1727618088009 91350.3 29
1727618098060 91350.3 30
1727618108117 91350.3 31
1727618118174 91350.3 32
1727618128229 91350.3 33
1727618138286 91355.6 34
