1727617796314 82.1 0
1727617806389 82.1 1
1727617816435 82.1 2
1727617826495 82.1 3
1727617836538 82.1 4
1727617846586 82.1 5
1727617856631 82.1 6
1727617866682 82.1 7
1727617876745 82.1 8
1727617886804 82.1 9
1727617896873 82.1 10
1727617906938 82.1 11
1727617916987 82.1 12
1727617927036 82.1 13
1727617937088 82.1 14
1727617947134 82.1 15
1727617957184 82.1 16
1727617967240 82.1 17
1727617977289 82.1 18
1727617987352 82.1 19
1727617997420 82.1 20
1727618007466 82.1 21
1727618017510 82.1 22
1727618027626 82.1 23
1727618037710 82.1 24
1727618047781 82.1 25
1727618057851 82.1 26
1727618067899 82.1 27
1727618077953 82.1 28
1727618088009 82.1 29
1727618098060 82.1 30
1727618108117 82.1 31
1727618118174 82.1 32
1727618128229 82.1 33
1727618138286 82.1 34
