1727617796314 419776.4 0
1727617806389 419787.8 1
1727617816435 419788.2 2
1727617826495 419788.1 3
1727617836538 419790.0 4
1727617846586 419790.4 5
1727617856631 419790.7 6
1727617866682 419790.6 7
1727617876745 419787.2 8
1727617886804 419787.4 9
1727617896873 419787.5 10
1727617906938 419787.7 11
1727617916987 419787.7 12
1727617927036 419787.7 13
1727617937088 419787.6 14
1727617947134 419787.9 15
1727617957184 419787.8 16
1727617967240 419788.6 17
1727617977289 419788.0 18
1727617987352 419788.2 19
1727617997420 419788.3 20
1727618007466 419788.2 21
1727618017510 419788.3 22
1727618027626 419788.3 23
1727618037710 419788.3 24
1727618047781 419789.4 25
1727618057851 419786.4 26
1727618067899 419786.4 27
1727618077953 419786.6 28
1727618088009 419786.8 29
1727618098060 419786.8 30
1727618108117 419786.8 31
1727618118174 419786.8 32
1727618128229 419786.8 33
1727618138286 419781.5 34
