1727617796314 318.4 0
1727617806389 350.6 1
1727617816435 315.0 2
1727617826495 277.4 3
1727617836538 279.5 4
1727617846586 334.1 5
1727617856631 319.3 6
1727617866682 327.1 7
1727617876745 315.8 8
1727617886804 330.9 9
1727617896873 288.3 10
1727617906938 375.6 11
1727617916987 331.8 12
1727617927036 315.4 13
1727617937088 327.2 14
1727617947134 331.8 15
1727617957184 301.5 16
1727617967240 305.8 17
1727617977289 296.2 18
1727617987352 334.0 19
1727617997420 324.3 20
1727618007466 340.7 21
1727618017510 297.8 22
1727618027626 295.0 23
1727618037710 337.1 24
1727618047781 322.6 25
1727618057851 308.7 26
1727618067899 347.6 27
1727618077953 316.7 28
1727618088009 316.7 29
1727618098060 317.6 30
1727618108117 318.1 31
1727618118174 323.6 32
1727618128229 355.2 33
1727618138286 349.0 34
