1727617796314 14.8 0
1727617806389 16.3 1
1727617816435 14.7 2
1727617826495 12.9 3
1727617836538 13.0 4
1727617846586 15.6 5
1727617856631 14.9 6
1727617866682 15.2 7
1727617876745 14.7 8
1727617886804 15.4 9
1727617896873 13.4 10
1727617906938 17.5 11
1727617916987 15.5 12
1727617927036 14.7 13
1727617937088 15.2 14
1727617947134 15.5 15
1727617957184 14.0 16
1727617967240 14.2 17
1727617977289 13.8 18
1727617987352 15.6 19
1727617997420 15.1 20
1727618007466 15.9 21
1727618017510 13.9 22
1727618027626 13.7 23
1727618037710 15.7 24
1727618047781 15.0 25
1727618057851 14.4 26
1727618067899 16.2 27
1727618077953 14.7 28
1727618088009 14.7 29
1727618098060 14.8 30
1727618108117 14.8 31
1727618118174 15.1 32
1727618128229 16.5 33
1727618138286 16.3 34
