1727617796314 16.0 0
1727617806389 15.0 1
1727617816435 6.0 2
1727617826495 13.0 3
1727617836538 4.0 4
1727617846586 6.0 5
1727617856631 6.0 6
1727617866682 7.0 7
1727617876745 4.0 8
1727617886804 8.0 9
1727617896873 14.0 10
1727617906938 12.0 11
1727617916987 8.0 12
1727617927036 23.0 13
1727617937088 9.0 14
1727617947134 6.0 15
1727617957184 9.0 16
1727617967240 5.0 17
1727617977289 6.0 18
1727617987352 13.0 19
1727617997420 6.0 20
1727618007466 5.0 21
1727618017510 5.0 22
1727618027626 21.0 23
1727618037710 15.0 24
1727618047781 13.0 25
1727618057851 19.0 26
1727618067899 6.0 27
1727618077953 19.0 28
1727618088009 6.0 29
1727618098060 12.0 30
1727618108117 8.0 31
1727618118174 0.0 32
1727618128229 16.0 33
1727618138286 1.0 34
