1727617796314 0.0 0
1727617806389 0.04001999999996997 1
1727617816435 0.05073699999996961 2
1727617826495 0.06382100000001856 3
1727617836538 0.7139879999999721 4
1727617846586 0.7307870000000207 5
1727617856631 0.8401529999999866 6
1727617866682 0.9348600000000147 7
1727617876745 0.9402509999999893 8
1727617886804 0.9649729999999863 9
1727617896873 0.9681810000000155 10
1727617906938 0.9705450000000155 11
1727617916987 0.9737139999999727 12
1727617927036 0.9881090000000086 13
1727617937088 0.9977349999999774 14
1727617947134 1.0055909999999812 15
1727617957184 1.0142349999999851 16
1727617967240 1.01552700000002 17
1727617977289 1.0235890000000154 18
1727617987352 1.069215999999983 19
1727617997420 1.0826319999999896 20
1727618007466 1.1137239999999906 21
1727618017510 1.1289780000000178 22
1727618027626 1.1590679999999907 23
1727618037710 1.237242999999978 24
1727618047781 1.2488149999999791 25
1727618057851 1.2679620000000114 26
1727618067899 1.2757369999999923 27
1727618077953 1.3149629999999775 28
1727618088009 1.352472999999975 29
1727618098060 1.390498999999977 30
1727618108117 1.4455629999999928 31
1727618118174 1.5315889999999968 32
1727618128229 1.5680570000000102 33
1727618138286 1.6602009999999723 34
