1727617796314 0.0 0
1727617806389 0.5818349999999555 1
1727617816435 0.5902849999999944 2
1727617826495 0.596634999999992 3
1727617836538 0.6186880000000201 4
1727617846586 1.2739729999999554 5
1727617856631 1.4186979999999494 6
1727617866682 1.586657999999943 7
1727617876745 1.7250329999999394 8
1727617886804 1.8829979999999296 9
1727617896873 1.955377999999996 10
1727617906938 2.032993999999917 11
1727617916987 2.1323189999999386 12
1727617927036 2.217100999999957 13
1727617937088 2.3013220000000274 14
1727617947134 2.3886509999999817 15
1727617957184 2.3982559999999467 16
1727617967240 2.3992250000000013 17
1727617977289 2.4092429999999467 18
1727617987352 2.619917999999984 19
1727617997420 2.7129739999999174 20
1727618007466 2.8430270000000064 21
1727618017510 2.9270749999999452 22
1727618027626 3.0281820000000153 23
1727618037710 3.4826349999999593 24
1727618047781 3.5971700000000055 25
1727618057851 3.7866419999999152 26
1727618067899 3.9027159999999412 27
1727618077953 4.031244000000015 28
1727618088009 4.3129089999999906 29
1727618098060 4.535001999999963 30
1727618108117 4.949350999999979 31
1727618118174 5.372658000000001 32
1727618128229 5.852421999999933 33
1727618138286 6.16094499999997 34
