1727617796314 10535.7 0
1727617806389 10583.1 1
1727617816435 10689.0 2
1727617826495 10734.2 3
1727617836538 10755.8 4
1727617846586 10732.3 5
1727617856631 10657.9 6
1727617866682 10649.4 7
1727617876745 10618.4 8
1727617886804 10668.1 9
1727617896873 10651.2 10
1727617906938 10675.1 11
1727617916987 10638.4 12
1727617927036 10659.0 13
1727617937088 10558.3 14
1727617947134 10663.4 15
1727617957184 10616.0 16
1727617967240 10627.3 17
1727617977289 10560.8 18
1727617987352 10479.5 19
1727617997420 10187.8 20
1727618007466 10157.8 21
1727618017510 10144.2 22
1727618027626 10081.9 23
1727618037710 10106.5 24
1727618047781 9963.1 25
1727618057851 9893.3 26
1727618067899 9730.4 27
1727618077953 9730.5 28
1727618088009 9707.3 29
1727618098060 9702.7 30
1727618108117 9642.5 31
1727618118174 9654.7 32
1727618128229 9639.0 33
1727618138286 9823.6 34
