1727617796314 62.0 0
1727617806389 62.3 1
1727617816435 62.9 2
1727617826495 63.2 3
1727617836538 63.3 4
1727617846586 63.2 5
1727617856631 62.7 6
1727617866682 62.7 7
1727617876745 62.5 8
1727617886804 62.8 9
1727617896873 62.7 10
1727617906938 62.8 11
1727617916987 62.6 12
1727617927036 62.8 13
1727617937088 62.2 14
1727617947134 62.8 15
1727617957184 62.5 16
1727617967240 62.6 17
1727617977289 62.2 18
1727617987352 61.7 19
1727617997420 60.0 20
1727618007466 59.8 21
1727618017510 59.7 22
1727618027626 59.4 23
1727618037710 59.5 24
1727618047781 58.7 25
1727618057851 58.2 26
1727618067899 57.3 27
1727618077953 57.3 28
1727618088009 57.2 29
1727618098060 57.1 30
1727618108117 56.8 31
1727618118174 56.8 32
1727618128229 56.8 33
1727618138286 57.8 34
