1727964947162 213481.4 0
1727964957221 213481.4 1
1727964967270 213481.4 2
1727964977307 213481.3 3
1727964987347 213481.3 4
1727964997385 213481.3 5
1727965007423 213481.3 6
1727965017461 213481.3 7
1727965027500 213481.4 8
1727965037538 213481.4 9
1727965047580 213481.3 10
1727965057625 213481.3 11
1727965067663 213481.4 12
1727965077705 213481.3 13
1727965087750 213481.3 14
1727965097788 213481.3 15
1727965107827 213481.3 16
1727965117865 213481.4 17
1727965127902 213481.3 18
1727965137940 213481.3 19
