1727964947162 0.0034580230712890625 0
1727964957221 0.4506950080394745 1
1727964967270 0.9759050011634827 2
1727964977307 1.883411020040512 3
1727964987347 3.1018530130386353 4
1727964997385 4.483068019151688 5
1727965007423 5.2791480123996735 6
1727965017461 6.234324008226395 7
1727965027500 7.372488021850586 8
1727965037538 8.213325023651123 9
1727965047580 9.049365013837814 10
1727965057625 10.07056000828743 11
1727965067663 10.796241998672485 12
1727965077705 11.412641018629074 13
1727965087750 12.435267001390457 14
1727965097788 13.585315018892288 15
1727965107827 14.727555006742477 16
1727965117865 15.36829200387001 17
1727965127902 16.483726024627686 18
1727965137940 17.49074500799179 19
