1727964947162 0.005057990550994873 0
1727964957221 0.49487000703811646 1
1727964967270 0.9768219888210297 2
1727964977307 2.063636988401413 3
1727964987347 3.3245889842510223 4
1727964997385 5.131870985031128 5
1727965007423 6.112136006355286 6
1727965017461 7.2827779948711395 7
1727965027500 8.704528987407684 8
1727965037538 9.718180000782013 9
1727965047580 10.62788000702858 10
1727965057625 11.968789994716644 11
1727965067663 12.901106983423233 12
1727965077705 13.664983987808228 13
1727965087750 14.943632990121841 14
1727965097788 16.40633600950241 15
1727965107827 17.737975001335144 16
1727965117865 18.687139987945557 17
1727965127902 20.091529995203018 18
1727965137940 21.42196199297905 19
