1727623664738 91258.7 0
1727623674792 91258.6 1
1727623684850 91251.2 2
1727623694921 91250.6 3
1727623704994 91250.4 4
1727623715044 91250.0 5
1727623725095 91239.9 6
1727623735141 91239.6 7
1727623745187 91239.6 8
1727623755260 91239.5 9
1727623765352 91239.4 10
1727623775411 91239.4 11
1727623785472 91239.4 12
1727623795527 91239.4 13
1727623805577 91239.6 14
1727623815618 91239.5 15
1727623825667 91239.4 16
1727623835713 91239.3 17
1727623845766 91238.8 18
1727623855823 91238.7 19
1727623865894 91238.8 20
