1727623664738 419878.4 0
1727623674792 419878.4 1
1727623684850 419885.9 2
1727623694921 419886.5 3
1727623704994 419886.7 4
1727623715044 419887.1 5
1727623725095 419897.2 6
1727623735141 419897.5 7
1727623745187 419897.5 8
1727623755260 419897.6 9
1727623765352 419897.7 10
1727623775411 419897.7 11
1727623785472 419897.7 12
1727623795527 419897.7 13
1727623805577 419897.5 14
1727623815618 419897.6 15
1727623825667 419897.7 16
1727623835713 419897.8 17
1727623845766 419898.3 18
1727623855823 419898.3 19
1727623865894 419898.3 20
