1727623664738 0.0 0
1727623674792 0.02398599999999984 1
1727623684850 0.03891399999999923 2
1727623694921 0.137467 3
1727623704994 0.18460499999999946 4
1727623715044 0.2746069999999996 5
1727623725095 0.43647299999999944 6
1727623735141 0.5260569999999998 7
1727623745187 0.5583529999999994 8
1727623755260 0.5753489999999992 9
1727623765352 0.7181479999999993 10
1727623775411 0.8844589999999997 11
1727623785472 0.9745299999999997 12
1727623795527 1.111014 13
1727623805577 1.1156479999999993 14
1727623815618 1.117589999999999 15
1727623825667 1.1211329999999995 16
1727623835713 1.1241399999999997 17
1727623845766 1.1295919999999997 18
1727623855823 1.279806999999999 19
1727623865894 1.395020999999999 20
