1727623664738 0.0 0
1727623674792 0.017144000000001824 1
1727623684850 0.044354999999995925 2
1727623694921 0.13717100000000215 3
1727623704994 0.184863 4
1727623715044 0.20502100000000212 5
1727623725095 0.4575409999999991 6
1727623735141 0.5967569999999967 7
1727623745187 0.6181739999999962 8
1727623755260 0.6621030000000019 9
1727623765352 0.7877359999999953 10
1727623775411 0.867364000000002 11
1727623785472 1.8512640000000005 12
1727623795527 1.9226889999999983 13
1727623805577 1.9277289999999994 14
1727623815618 1.9408789999999954 15
1727623825667 1.943835 16
1727623835713 1.9601079999999982 17
1727623845766 1.9748109999999954 18
1727623855823 2.037725000000002 19
1727623865894 2.088668999999996 20
