1727623664738 10822.4 0
1727623674792 10794.7 1
1727623684850 11087.8 2
1727623694921 10955.4 3
1727623704994 11251.7 4
1727623715044 11403.4 5
1727623725095 11482.6 6
1727623735141 11372.7 7
1727623745187 11311.1 8
1727623755260 11316.6 9
1727623765352 11341.1 10
1727623775411 11411.0 11
1727623785472 11402.7 12
1727623795527 11374.0 13
1727623805577 11367.9 14
1727623815618 11255.2 15
1727623825667 11204.3 16
1727623835713 11223.7 17
1727623845766 11263.9 18
1727623855823 11307.9 19
1727623865894 11375.7 20
