1727961914064 0.1 0
1727961924114 1.4 1
1727961934157 3.9 2
1727961944194 3.2 3
1727961954233 4.6 4
1727961964275 4.6 5
1727961974312 5.1 6
1727961984350 3.1 7
1727961994388 4.1 8
1727962004489 5.2 9
1727962014547 5.3 10
1727962024589 5.3 11
1727962034625 4.9 12
1727962044663 1.6 13
1727962054701 3.2 14
1727962064737 3.7 15
1727962074777 4.3 16
1727962084816 4.6 17
1727962094857 4.2 18
1727962104916 3.4 19
1727962114952 2.7 20
1727962124990 5.5 21
1727962135088 3.6 22
1727962145150 5.3 23
1727962155192 6.6 24
1727962165233 6.0 25
1727962175297 4.6 26
1727962185357 7.1 27
1727962195523 7.9 28
1727962205565 7.2 29
1727962215606 8.0 30
1727962225666 6.6 31
1727962235930 3.8 32
1727962245973 6.5 33
1727962256032 6.9 34
1727962266104 8.1 35
1727962276149 7.1 36
1727962286192 8.0 37
1727962296234 7.1 38
1727962306274 5.5 39
1727962316313 7.7 40
1727962326404 7.4 41
1727962336465 4.7 42
1727962346508 8.0 43
1727962356585 7.0 44
1727962366642 5.5 45
1727962376867 8.3 46
1727962386909 7.6 47
1727962396949 8.6 48
1727962406990 6.7 49
1727962417031 7.6 50
1727962427072 4.5 51
1727962437114 7.1 52
1727962447187 7.5 53
1727962457234 8.0 54
1727962467280 7.4 55
1727962477333 7.3 56
1727962487380 6.9 57
1727962497427 8.0 58
1727962507480 8.4 59
1727962517814 7.7 60
1727962527861 6.3 61
1727962537910 5.3 62
1727962547952 6.9 63
1727962557994 7.3 64
1727962568042 7.7 65
1727962578085 8.1 66
1727962588129 8.8 67
1727962598174 7.3 68
1727962608218 8.1 69
1727962618259 5.3 70
1727962628314 7.4 71
1727962638366 8.5 72
1727962648408 9.0 73
1727962658451 6.0 74
1727962668503 7.4 75
1727962678715 6.1 76
1727962688788 9.0 77
1727962698834 7.9 78
1727962708880 8.2 79
1727962719066 5.3 80
1727962729131 7.4 81
1727962739175 6.1 82
1727962749222 7.7 83
1727962759268 8.3 84
1727962769314 7.9 85
1727962779359 7.7 86
1727962789402 7.9 87
1727962799728 5.9 88
1727962809839 8.0 89
1727962820013 5.5 90
1727962830375 8.0 91
1727962840429 6.4 92
1727962850492 6.0 93
1727962860539 1.2 94
1727962870595 0.0 95
1727962880645 0.0 96
1727962890694 0.0 97
1727962900750 0.0 98
