1727961914064 10.6 0
1727961924114 10.6 1
1727961934157 10.6 2
1727961944194 10.6 3
1727961954233 10.6 4
1727961964275 10.6 5
1727961974312 10.6 6
1727961984350 10.6 7
1727961994388 10.6 8
1727962004489 10.6 9
1727962014547 10.6 10
1727962024589 10.6 11
1727962034625 10.6 12
1727962044663 10.6 13
1727962054701 10.6 14
1727962064737 10.6 15
1727962074777 10.6 16
1727962084816 10.6 17
1727962094857 10.6 18
1727962104916 10.6 19
1727962114952 10.6 20
1727962124990 10.6 21
1727962135088 10.6 22
1727962145150 10.6 23
1727962155192 10.6 24
1727962165233 10.6 25
1727962175297 10.6 26
1727962185357 10.6 27
1727962195523 10.6 28
1727962205565 10.6 29
1727962215606 10.6 30
1727962225666 10.6 31
1727962235930 10.6 32
1727962245973 10.6 33
1727962256032 10.6 34
1727962266104 10.6 35
1727962276149 10.6 36
1727962286192 10.6 37
1727962296234 10.6 38
1727962306274 10.6 39
1727962316313 10.6 40
1727962326404 10.6 41
1727962336465 10.6 42
1727962346508 10.6 43
1727962356585 10.6 44
1727962366642 10.6 45
1727962376867 10.6 46
1727962386909 10.6 47
1727962396949 10.6 48
1727962406990 10.6 49
1727962417031 10.6 50
1727962427072 10.6 51
1727962437114 10.6 52
1727962447187 10.6 53
1727962457234 10.6 54
1727962467280 10.6 55
1727962477333 10.6 56
1727962487380 10.6 57
1727962497427 10.6 58
1727962507480 10.6 59
1727962517814 10.6 60
1727962527861 10.6 61
1727962537910 10.6 62
1727962547952 10.6 63
1727962557994 10.6 64
1727962568042 10.6 65
1727962578085 10.6 66
1727962588129 10.6 67
1727962598174 10.6 68
1727962608218 10.6 69
1727962618259 10.6 70
1727962628314 10.6 71
1727962638366 10.6 72
1727962648408 10.6 73
1727962658451 10.6 74
1727962668503 10.6 75
1727962678715 10.6 76
1727962688788 10.6 77
1727962698834 10.6 78
1727962708880 10.6 79
1727962719066 10.6 80
1727962729131 10.6 81
1727962739175 10.6 82
1727962749222 10.6 83
1727962759268 10.6 84
1727962769314 10.6 85
1727962779359 10.6 86
1727962789402 10.6 87
1727962799728 10.6 88
1727962809839 10.6 89
1727962820013 10.6 90
1727962830375 10.6 91
1727962840429 10.6 92
1727962850492 10.6 93
1727962860539 10.6 94
1727962870595 10.6 95
1727962880645 10.6 96
1727962890694 10.6 97
1727962900750 10.6 98
