1727961914064 213481.5 0
1727961924114 213481.5 1
1727961934157 213481.5 2
1727961944194 213481.5 3
1727961954233 213481.5 4
1727961964275 213481.5 5
1727961974312 213481.5 6
1727961984350 213481.5 7
1727961994388 213481.5 8
1727962004489 213481.5 9
1727962014547 213481.5 10
1727962024589 213481.5 11
1727962034625 213481.5 12
1727962044663 213481.5 13
1727962054701 213481.5 14
1727962064737 213481.5 15
1727962074777 213481.5 16
1727962084816 213481.5 17
1727962094857 213481.5 18
1727962104916 213481.5 19
1727962114952 213481.5 20
1727962124990 213481.5 21
1727962135088 213481.5 22
1727962145150 213481.5 23
1727962155192 213481.5 24
1727962165233 213481.5 25
1727962175297 213481.5 26
1727962185357 213481.5 27
1727962195523 213481.5 28
1727962205565 213481.5 29
1727962215606 213481.5 30
1727962225666 213481.5 31
1727962235930 213481.5 32
1727962245973 213481.4 33
1727962256032 213481.5 34
1727962266104 213481.5 35
1727962276149 213481.5 36
1727962286192 213481.5 37
1727962296234 213481.4 38
1727962306274 213481.4 39
1727962316313 213481.4 40
1727962326404 213481.4 41
1727962336465 213481.4 42
1727962346508 213481.4 43
1727962356585 213481.4 44
1727962366642 213481.4 45
1727962376867 213481.4 46
1727962386909 213481.4 47
1727962396949 213481.4 48
1727962406990 213481.4 49
1727962417031 213481.4 50
1727962427072 213481.4 51
1727962437114 213481.4 52
1727962447187 213481.4 53
1727962457234 213481.4 54
1727962467280 213481.4 55
1727962477333 213481.4 56
1727962487380 213481.4 57
1727962497427 213481.4 58
1727962507480 213481.4 59
1727962517814 213481.4 60
1727962527861 213481.4 61
1727962537910 213481.4 62
1727962547952 213481.4 63
1727962557994 213481.4 64
1727962568042 213481.4 65
1727962578085 213481.4 66
1727962588129 213481.4 67
1727962598174 213481.4 68
1727962608218 213481.4 69
1727962618259 213481.4 70
1727962628314 213481.4 71
1727962638366 213481.4 72
1727962648408 213481.4 73
1727962658451 213481.4 74
1727962668503 213481.4 75
1727962678715 213481.4 76
1727962688788 213481.4 77
1727962698834 213481.4 78
1727962708880 213481.4 79
1727962719066 213481.4 80
1727962729131 213481.4 81
1727962739175 213481.4 82
1727962749222 213481.4 83
1727962759268 213481.4 84
1727962769314 213481.4 85
1727962779359 213481.4 86
1727962789402 213481.4 87
1727962799728 213481.4 88
1727962809839 213481.4 89
1727962820013 213481.4 90
1727962830375 213481.4 91
1727962840429 213481.4 92
1727962850492 213481.4 93
1727962860539 213481.4 94
1727962870595 213481.4 95
1727962880645 213481.4 96
1727962890694 213481.4 97
1727962900750 213481.4 98
