1727961914064 25338.0 0
1727961924114 25338.0 1
1727961934157 25338.0 2
1727961944194 25338.0 3
1727961954233 25338.0 4
1727961964275 25338.0 5
1727961974312 25338.0 6
1727961984350 25338.0 7
1727961994388 25338.0 8
1727962004489 25338.0 9
1727962014547 25338.0 10
1727962024589 25338.0 11
1727962034625 25338.0 12
1727962044663 25338.0 13
1727962054701 25338.0 14
1727962064737 25338.0 15
1727962074777 25338.0 16
1727962084816 25338.0 17
1727962094857 25338.0 18
1727962104916 25338.0 19
1727962114952 25338.0 20
1727962124990 25338.0 21
1727962135088 25338.0 22
1727962145150 25338.0 23
1727962155192 25338.0 24
1727962165233 25338.0 25
1727962175297 25338.0 26
1727962185357 25338.0 27
1727962195523 25338.0 28
1727962205565 25338.0 29
1727962215606 25338.0 30
1727962225666 25338.0 31
1727962235930 25338.0 32
1727962245973 25338.0 33
1727962256032 25338.0 34
1727962266104 25338.0 35
1727962276149 25338.0 36
1727962286192 25338.0 37
1727962296234 25338.1 38
1727962306274 25338.1 39
1727962316313 25338.1 40
1727962326404 25338.1 41
1727962336465 25338.1 42
1727962346508 25338.1 43
1727962356585 25338.1 44
1727962366642 25338.1 45
1727962376867 25338.1 46
1727962386909 25338.1 47
1727962396949 25338.1 48
1727962406990 25338.1 49
1727962417031 25338.1 50
1727962427072 25338.1 51
1727962437114 25338.1 52
1727962447187 25338.1 53
1727962457234 25338.1 54
1727962467280 25338.1 55
1727962477333 25338.1 56
1727962487380 25338.1 57
1727962497427 25338.1 58
1727962507480 25338.1 59
1727962517814 25338.1 60
1727962527861 25338.1 61
1727962537910 25338.1 62
1727962547952 25338.1 63
1727962557994 25338.1 64
1727962568042 25338.1 65
1727962578085 25338.1 66
1727962588129 25338.1 67
1727962598174 25338.0 68
1727962608218 25338.0 69
1727962618259 25338.0 70
1727962628314 25338.0 71
1727962638366 25338.0 72
1727962648408 25338.0 73
1727962658451 25338.0 74
1727962668503 25338.0 75
1727962678715 25338.0 76
1727962688788 25338.0 77
1727962698834 25338.0 78
1727962708880 25338.0 79
1727962719066 25338.0 80
1727962729131 25338.0 81
1727962739175 25338.0 82
1727962749222 25338.0 83
1727962759268 25338.0 84
1727962769314 25338.0 85
1727962779359 25338.0 86
1727962789402 25338.0 87
1727962799728 25338.0 88
1727962809839 25338.0 89
1727962820013 25338.0 90
1727962830375 25338.0 91
1727962840429 25338.0 92
1727962850492 25338.0 93
1727962860539 25338.0 94
1727962870595 25338.0 95
1727962880645 25338.0 96
1727962890694 25338.0 97
1727962900750 25338.0 98
