1727961914064 0.005066007375717163 0
1727961924114 2.592523992061615 1
1727961934157 4.213120013475418 2
1727961944194 5.412569999694824 3
1727961954233 7.246116995811462 4
1727961964275 8.679715007543564 5
1727961974312 10.484566003084183 6
1727961984350 11.732695996761322 7
1727961994388 13.354081988334656 8
1727962004489 15.15421199798584 9
1727962014547 16.902052998542786 10
1727962024589 18.476859003305435 11
1727962034625 20.30690398812294 12
1727962044663 21.17960101366043 13
1727962054701 22.426411002874374 14
1727962064737 24.033356994390488 15
1727962074777 25.453700989484787 16
1727962084816 26.957718014717102 17
1727962094857 28.474157005548477 18
1727962104916 29.802882999181747 19
1727962114952 31.2377690076828 20
1727962124990 33.086993008852005 21
1727962135088 34.25883901119232 22
1727962145150 36.10613599419594 23
1727962155192 37.821794003248215 24
1727962165233 39.48449298739433 25
1727962175297 40.96271699666977 26
1727962185357 42.73294800519943 27
1727962195523 44.57405099272728 28
1727962205565 46.294712007045746 29
1727962215606 48.14809998869896 30
1727962225666 49.88663500547409 31
1727962235930 51.122752994298935 32
1727962245973 52.97153699398041 33
1727962256032 54.54449000954628 34
1727962266104 56.62119901180267 35
1727962276149 58.398988008499146 36
1727962286192 60.50287500023842 37
1727962296234 62.25842601060867 38
1727962306274 63.85569900274277 39
1727962316313 65.80500900745392 40
1727962326404 67.5156170129776 41
1727962336465 68.79879200458527 42
1727962346508 70.8688639998436 43
1727962356585 72.76995399594307 44
1727962366642 74.53757199645042 45
1727962376867 76.53659799695015 46
1727962386909 78.31366601586342 47
1727962396949 80.32409000396729 48
1727962406990 82.1947509944439 49
1727962417031 84.28086200356483 50
1727962427072 85.72018599510193 51
1727962437114 87.39479100704193 52
1727962447187 89.22204801440239 53
1727962457234 91.19431200623512 54
1727962467280 92.92856898903847 55
1727962477333 95.02000498771667 56
1727962487380 96.94833999872208 57
1727962497427 98.82632100582123 58
1727962507480 100.97295498847961 59
1727962517814 102.89056700468063 60
1727962527861 104.59916201233864 61
1727962537910 106.26679798960686 62
1727962547952 108.42751601338387 63
1727962557994 110.22323599457741 64
1727962568042 112.18569299578667 65
1727962578085 114.41143399477005 66
1727962588129 116.47224199771881 67
1727962598174 118.63422098755836 68
1727962608218 120.73775801062584 69
1727962618259 122.22694799304008 70
1727962628314 124.07766199111938 71
1727962638366 126.28560200333595 72
1727962648408 128.5822710096836 73
1727962658451 130.1585659980774 74
1727962668503 132.28699201345444 75
1727962678715 134.0483199954033 76
1727962688788 136.4037440121174 77
1727962698834 138.50345399975777 78
1727962708880 140.7624300122261 79
1727962719066 142.31567499041557 80
1727962729131 144.33539199829102 81
1727962739175 146.44391599297523 82
1727962749222 148.42593199014664 83
1727962759268 150.35268500447273 84
1727962769314 152.52259400486946 85
1727962779359 154.7812480032444 86
1727962789402 157.10892501473427 87
1727962799728 159.0902619957924 88
1727962809839 161.03542399406433 89
1727962820013 162.79605701565742 90
1727962830375 165.11088600754738 91
1727962840429 167.07126301527023 92
1727962850492 168.92900800704956 93
1727962860539 170.38384398818016 94
1727962870595 170.80599901080132 95
1727962880645 171.23173400759697 96
1727962890694 171.56938099861145 97
1727962900750 171.89675799012184 98
