1727961914064 0.003590017557144165 0
1727961924114 2.7689110040664673 1
1727961934157 4.098111003637314 2
1727961944194 5.038527995347977 3
1727961954233 6.440515011548996 4
1727961964275 7.5809929966926575 5
1727961974312 8.991192996501923 6
1727961984350 10.10351699590683 7
1727961994388 11.459325015544891 8
1727962004489 12.855064004659653 9
1727962014547 14.218331009149551 10
1727962024589 15.469541996717453 11
1727962034625 16.880820006132126 12
1727962044663 17.626489013433456 13
1727962054701 18.722593009471893 14
1727962064737 19.950595021247864 15
1727962074777 21.07235300540924 16
1727962084816 22.233974009752274 17
1727962094857 23.398620009422302 18
1727962104916 24.532649010419846 19
1727962114952 25.612199008464813 20
1727962124990 27.027984023094177 21
1727962135088 27.938381016254425 22
1727962145150 29.340916007757187 23
1727962155192 30.68485900759697 24
1727962165233 31.99717801809311 25
1727962175297 33.24543699622154 26
1727962185357 34.660692006349564 27
1727962195523 36.034422010183334 28
1727962205565 37.34620401263237 29
1727962215606 38.71748200058937 30
1727962225666 40.07131099700928 31
1727962235930 41.09067901968956 32
1727962245973 42.503610998392105 33
1727962256032 43.74933701753616 34
1727962266104 45.396874994039536 35
1727962276149 46.74666202068329 36
1727962286192 48.34750899672508 37
1727962296234 49.672598004341125 38
1727962306274 51.01584401726723 39
1727962316313 52.43445900082588 40
1727962326404 53.69869500398636 41
1727962336465 54.69223201274872 42
1727962346508 56.23838299512863 43
1727962356585 57.687292009592056 44
1727962366642 59.07173499464989 45
1727962376867 60.50813999772072 46
1727962386909 61.91055601835251 47
1727962396949 63.34858602285385 48
1727962406990 64.7349140048027 49
1727962417031 66.14162102341652 50
1727962427072 67.32665300369263 51
1727962437114 68.6214810013771 52
1727962447187 69.93010401725769 53
1727962457234 71.35873800516129 54
1727962467280 72.7379390001297 55
1727962477333 74.25215101242065 56
1727962487380 75.69576302170753 57
1727962497427 77.17313399910927 58
1727962507480 78.68527501821518 59
1727962517814 80.04810801148415 60
1727962527861 81.34233701229095 61
1727962537910 82.50903701782227 62
1727962547952 84.12496501207352 63
1727962557994 85.51263400912285 64
1727962568042 86.88720300793648 65
1727962578085 88.51774501800537 66
1727962588129 90.07399499416351 67
1727962598174 91.62011501193047 68
1727962608218 93.1373770236969 69
1727962618259 94.3001440167427 70
1727962628314 95.70950701832771 71
1727962638366 97.27986001968384 72
1727962648408 98.86229401826859 73
1727962658451 100.05521100759506 74
1727962668503 101.55075299739838 75
1727962678715 102.97048300504684 76
1727962688788 104.59254401922226 77
1727962698834 106.0241630077362 78
1727962708880 107.51794001460075 79
1727962719066 108.59463399648666 80
1727962729131 110.16812801361084 81
1727962739175 111.7191950082779 82
1727962749222 113.01985600590706 83
1727962759268 114.45942601561546 84
1727962769314 115.92084801197052 85
1727962779359 117.42333000898361 86
1727962789402 119.05960401892662 87
1727962799728 120.4497620165348 88
1727962809839 121.89379701018333 89
1727962820013 122.99349400401115 90
1727962830375 124.59126299619675 91
1727962840429 125.83612701296806 92
1727962850492 127.27575799822807 93
1727962860539 128.1527190208435 94
1727962870595 128.4798189997673 95
1727962880645 128.82034200429916 96
1727962890694 129.1080760061741 97
1727962900750 129.35730201005936 98
