1727961914064 10367.2 0
1727961924114 12381.2 1
1727961934157 12396.0 2
1727961944194 12502.7 3
1727961954233 12404.1 4
1727961964275 12388.3 5
1727961974312 12446.2 6
1727961984350 12389.8 7
1727961994388 12507.1 8
1727962004489 12452.0 9
1727962014547 12391.9 10
1727962024589 12500.9 11
1727962034625 12397.2 12
1727962044663 12466.7 13
1727962054701 12495.1 14
1727962064737 12424.6 15
1727962074777 12409.8 16
1727962084816 12454.9 17
1727962094857 12479.3 18
1727962104916 12399.5 19
1727962114952 12516.2 20
1727962124990 12405.7 21
1727962135088 12510.4 22
1727962145150 12403.8 23
1727962155192 12488.6 24
1727962165233 12462.6 25
1727962175297 12512.1 26
1727962185357 12394.1 27
1727962195523 12495.4 28
1727962205565 12390.8 29
1727962215606 12411.6 30
1727962225666 12471.8 31
1727962235930 12395.7 32
1727962245973 12416.6 33
1727962256032 12397.1 34
1727962266104 12372.0 35
1727962276149 12065.7 36
1727962286192 12063.7 37
1727962296234 12102.0 38
1727962306274 12043.8 39
1727962316313 12107.7 40
1727962326404 12162.7 41
1727962336465 12041.3 42
1727962346508 12052.9 43
1727962356585 12093.3 44
1727962366642 12039.7 45
1727962376867 12105.0 46
1727962386909 12045.4 47
1727962396949 12087.4 48
1727962406990 12059.9 49
1727962417031 12138.9 50
1727962427072 12092.6 51
1727962437114 12104.4 52
1727962447187 12164.7 53
1727962457234 12040.7 54
1727962467280 12038.4 55
1727962477333 12050.6 56
1727962487380 12040.3 57
1727962497427 12037.0 58
1727962507480 12087.7 59
1727962517814 12042.3 60
1727962527861 12044.4 61
1727962537910 12131.8 62
1727962547952 12098.4 63
1727962557994 12077.8 64
1727962568042 12120.7 65
1727962578085 12033.2 66
1727962588129 12087.7 67
1727962598174 12075.2 68
1727962608218 12109.2 69
1727962618259 12113.5 70
1727962628314 12092.4 71
1727962638366 12013.5 72
1727962648408 12066.2 73
1727962658451 12127.0 74
1727962668503 12093.0 75
1727962678715 12020.7 76
1727962688788 12016.2 77
1727962698834 12037.8 78
1727962708880 12102.7 79
1727962719066 12104.8 80
1727962729131 12022.0 81
1727962739175 12018.1 82
1727962749222 12021.7 83
1727962759268 12115.3 84
1727962769314 12120.5 85
1727962779359 12066.9 86
1727962789402 12023.3 87
1727962799728 12117.1 88
1727962809839 12019.2 89
1727962820013 12031.6 90
1727962830375 12027.9 91
1727962840429 12025.2 92
1727962850492 12025.1 93
1727962860539 12025.9 94
1727962870595 12025.2 95
1727962880645 12023.0 96
1727962890694 12015.8 97
1727962900750 12014.4 98
