1727961914064 1.9 0
1727961924114 2.3 1
1727961934157 2.3 2
1727961944194 2.3 3
1727961954233 2.3 4
1727961964275 2.3 5
1727961974312 2.3 6
1727961984350 2.3 7
1727961994388 2.3 8
1727962004489 2.3 9
1727962014547 2.3 10
1727962024589 2.3 11
1727962034625 2.3 12
1727962044663 2.3 13
1727962054701 2.3 14
1727962064737 2.3 15
1727962074777 2.3 16
1727962084816 2.3 17
1727962094857 2.3 18
1727962104916 2.3 19
1727962114952 2.3 20
1727962124990 2.3 21
1727962135088 2.3 22
1727962145150 2.3 23
1727962155192 2.3 24
1727962165233 2.3 25
1727962175297 2.3 26
1727962185357 2.3 27
1727962195523 2.3 28
1727962205565 2.3 29
1727962215606 2.3 30
1727962225666 2.3 31
1727962235930 2.3 32
1727962245973 2.3 33
1727962256032 2.3 34
1727962266104 2.3 35
1727962276149 2.2 36
1727962286192 2.2 37
1727962296234 2.2 38
1727962306274 2.2 39
1727962316313 2.2 40
1727962326404 2.3 41
1727962336465 2.2 42
1727962346508 2.2 43
1727962356585 2.2 44
1727962366642 2.2 45
1727962376867 2.2 46
1727962386909 2.2 47
1727962396949 2.2 48
1727962406990 2.2 49
1727962417031 2.2 50
1727962427072 2.2 51
1727962437114 2.2 52
1727962447187 2.3 53
1727962457234 2.2 54
1727962467280 2.2 55
1727962477333 2.2 56
1727962487380 2.2 57
1727962497427 2.2 58
1727962507480 2.2 59
1727962517814 2.2 60
1727962527861 2.2 61
1727962537910 2.2 62
1727962547952 2.2 63
1727962557994 2.2 64
1727962568042 2.2 65
1727962578085 2.2 66
1727962588129 2.2 67
1727962598174 2.2 68
1727962608218 2.2 69
1727962618259 2.2 70
1727962628314 2.2 71
1727962638366 2.2 72
1727962648408 2.2 73
1727962658451 2.2 74
1727962668503 2.2 75
1727962678715 2.2 76
1727962688788 2.2 77
1727962698834 2.2 78
1727962708880 2.2 79
1727962719066 2.2 80
1727962729131 2.2 81
1727962739175 2.2 82
1727962749222 2.2 83
1727962759268 2.2 84
1727962769314 2.2 85
1727962779359 2.2 86
1727962789402 2.2 87
1727962799728 2.2 88
1727962809839 2.2 89
1727962820013 2.2 90
1727962830375 2.2 91
1727962840429 2.2 92
1727962850492 2.2 93
1727962860539 2.2 94
1727962870595 2.2 95
1727962880645 2.2 96
1727962890694 2.2 97
1727962900750 2.2 98
