1727956718503 0.003322005271911621 0
1727956728744 0.6934800148010254 1
1727956738786 0.8870140016078949 2
1727956748826 1.0687319934368134 3
1727956758869 1.273457020521164 4
1727956768928 1.4477860033512115 5
1727956778974 3.1648130118846893 6
1727956789021 4.088457018136978 7
1727956799061 4.304167002439499 8
1727956809100 5.7410330176353455 9
1727956819143 7.119235992431641 10
1727956829184 8.527389019727707 11
1727956839221 10.049091011285782 12
1727956849263 11.685991019010544 13
1727956859342 12.890776008367538 14
1727956869386 14.18173599243164 15
1727956879424 16.01127400994301 16
1727956889464 16.99702301621437 17
