1727956718503 0.003322005271911621 0
1727956728744 5.28930801153183 1
1727956738786 5.419147998094559 2
1727956748826 5.546283006668091 3
1727956758869 5.698040008544922 4
1727956768928 5.822885990142822 5
1727956778974 7.26672101020813 6
1727956789021 8.139064997434616 7
1727956799061 8.256357997655869 8
1727956809100 9.371573001146317 9
1727956819143 10.475100010633469 10
1727956829184 11.604423999786377 11
1727956839221 12.852416008710861 12
1727956849263 14.253394991159439 13
1727956859342 15.239111989736557 14
1727956869386 16.263043016195297 15
1727956879424 17.717949002981186 16
1727956889464 18.482800006866455 17
