1727700072184 100.0 0
1727700082394 100.0 1
1727700092603 100.0 2
1727700103960 100.0 3
1727700114942 100.0 4
1727700125200 100.0 5
1727700135476 100.0 6
1727700145767 100.0 7
1727700156254 100.0 8
1727700166620 99.9 9
1727700176908 99.9 10
1727700187151 97.6 11
1727700197351 78.8 12
1727700207543 73.5 13
1727700217778 75.0 14
1727700227968 90.3 15
1727700238634 82.6 16
1727700248779 73.7 17
1727700258934 71.6 18
1727700269149 75.7 19
1727700279358 69.8 20
1727700289523 79.9 21
1727700299669 73.3 22
1727700309857 68.7 23
1727700320188 85.5 24
1727700330529 100.0 25
1727700340921 100.0 26
1727700351204 97.5 27
1727700361414 99.6 28
1727700371615 89.7 29
1727700381807 81.6 30
1727700391995 78.2 31
1727700402206 74.4 32
1727700412387 83.1 33
1727700422607 95.9 34
1727700432816 97.6 35
1727700443005 89.7 36
