1727700072184 83.8 0
1727700082394 83.8 1
1727700092603 83.7 2
1727700103960 83.7 3
1727700114942 83.7 4
1727700125200 83.7 5
1727700135476 83.7 6
1727700145767 83.7 7
1727700156254 83.7 8
1727700166620 83.8 9
1727700176908 83.8 10
1727700187151 83.7 11
1727700197351 83.8 12
1727700207543 83.8 13
1727700217778 83.8 14
1727700227968 83.8 15
1727700238634 83.8 16
1727700248779 83.8 17
1727700258934 83.8 18
1727700269149 83.8 19
1727700279358 83.8 20
1727700289523 83.8 21
1727700299669 83.8 22
1727700309857 83.8 23
1727700320188 83.8 24
1727700330529 83.8 25
1727700340921 83.7 26
1727700351204 83.7 27
1727700361414 83.7 28
1727700371615 83.7 29
1727700381807 83.7 30
1727700391995 83.7 31
1727700402206 83.7 32
1727700412387 83.7 33
1727700422607 83.7 34
1727700432816 83.7 35
1727700443005 83.7 36
