1727700072184 83040.5 0
1727700082394 83040.0 1
1727700092603 83083.6 2
1727700103960 83065.0 3
1727700114942 83062.6 4
1727700125200 83068.4 5
1727700135476 83087.3 6
1727700145767 83073.9 7
1727700156254 83072.2 8
1727700166620 83059.5 9
1727700176908 83040.1 10
1727700187151 83061.3 11
1727700197351 83059.1 12
1727700207543 83058.4 13
1727700217778 83059.0 14
1727700227968 83059.0 15
1727700238634 83052.8 16
1727700248779 83053.4 17
1727700258934 83053.2 18
1727700269149 83053.2 19
1727700279358 83053.2 20
1727700289523 83053.2 21
1727700299669 83053.8 22
1727700309857 83053.8 23
1727700320188 83053.8 24
1727700330529 83051.4 25
1727700340921 83092.6 26
1727700351204 83089.5 27
1727700361414 83085.8 28
1727700371615 83088.6 29
1727700381807 83088.2 30
1727700391995 83084.6 31
1727700402206 83084.6 32
1727700412387 83084.5 33
1727700422607 83081.7 34
1727700432816 83081.0 35
1727700443005 83081.0 36
