1727700072184 428096.6 0
1727700082394 428097.1 1
1727700092603 428053.5 2
1727700103960 428072.1 3
1727700114942 428074.5 4
1727700125200 428068.7 5
1727700135476 428049.8 6
1727700145767 428063.2 7
1727700156254 428064.9 8
1727700166620 428077.6 9
1727700176908 428097.0 10
1727700187151 428075.8 11
1727700197351 428078.0 12
1727700207543 428078.7 13
1727700217778 428078.1 14
1727700227968 428078.1 15
1727700238634 428084.3 16
1727700248779 428083.7 17
1727700258934 428083.9 18
1727700269149 428083.9 19
1727700279358 428083.9 20
1727700289523 428083.9 21
1727700299669 428083.3 22
1727700309857 428083.3 23
1727700320188 428083.3 24
1727700330529 428085.7 25
1727700340921 428044.5 26
1727700351204 428047.6 27
1727700361414 428051.3 28
1727700371615 428048.5 29
1727700381807 428048.9 30
1727700391995 428052.5 31
1727700402206 428052.5 32
1727700412387 428052.6 33
1727700422607 428055.4 34
1727700432816 428056.1 35
1727700443005 428056.1 36
