1727700072184 365.4 0
1727700082394 312.6 1
1727700092603 354.6 2
1727700103960 301.8 3
1727700114942 288.3 4
1727700125200 334.3 5
1727700135476 311.5 6
1727700145767 281.5 7
1727700156254 264.3 8
1727700166620 290.2 9
1727700176908 320.4 10
1727700187151 300.7 11
1727700197351 279.5 12
1727700207543 265.9 13
1727700217778 297.7 14
1727700227968 300.8 15
1727700238634 332.0 16
1727700248779 311.9 17
1727700258934 323.5 18
1727700269149 286.9 19
1727700279358 310.3 20
1727700289523 296.9 21
1727700299669 288.5 22
1727700309857 288.6 23
1727700320188 330.1 24
1727700330529 410.9 25
1727700340921 399.1 26
1727700351204 325.7 27
1727700361414 333.5 28
1727700371615 332.9 29
1727700381807 324.7 30
1727700391995 321.9 31
1727700402206 350.1 32
1727700412387 347.6 33
1727700422607 318.5 34
1727700432816 322.4 35
1727700443005 359.1 36
