1727700072184 8.0 0
1727700082394 6.0 1
1727700092603 8.0 2
1727700103960 26.0 3
1727700114942 25.0 4
1727700125200 15.0 5
1727700135476 22.0 6
1727700145767 23.0 7
1727700156254 20.0 8
1727700166620 21.0 9
1727700176908 12.0 10
1727700187151 17.0 11
1727700197351 15.0 12
1727700207543 4.0 13
1727700217778 6.0 14
1727700227968 29.0 15
1727700238634 0.0 16
1727700248779 6.0 17
1727700258934 5.0 18
1727700269149 4.0 19
1727700279358 11.0 20
1727700289523 4.0 21
1727700299669 4.0 22
1727700309857 6.0 23
1727700320188 9.0 24
1727700330529 25.0 25
1727700340921 9.0 26
1727700351204 4.0 27
1727700361414 11.0 28
1727700371615 33.0 29
1727700381807 4.0 30
1727700391995 14.0 31
1727700402206 5.0 32
1727700412387 20.0 33
1727700422607 26.0 34
1727700432816 19.0 35
1727700443005 6.0 36
