1727700072184 17.0 0
1727700082394 14.6 1
1727700092603 16.5 2
1727700103960 14.1 3
1727700114942 13.4 4
1727700125200 15.6 5
1727700135476 14.5 6
1727700145767 13.1 7
1727700156254 12.3 8
1727700166620 13.5 9
1727700176908 14.9 10
1727700187151 14.0 11
1727700197351 13.0 12
1727700207543 12.4 13
1727700217778 13.9 14
1727700227968 14.0 15
1727700238634 15.5 16
1727700248779 14.5 17
1727700258934 15.1 18
1727700269149 13.4 19
1727700279358 14.5 20
1727700289523 13.8 21
1727700299669 13.4 22
1727700309857 13.4 23
1727700320188 15.4 24
1727700330529 19.1 25
1727700340921 18.6 26
1727700351204 15.2 27
1727700361414 15.5 28
1727700371615 15.5 29
1727700381807 15.1 30
1727700391995 15.0 31
1727700402206 16.3 32
1727700412387 16.2 33
1727700422607 14.8 34
1727700432816 15.0 35
1727700443005 16.7 36
