1727700072184 0.0 0
1727700082394 0.5877349999999524 1
1727700092603 1.5877719999999726 2
1727700103960 3.1192419999999856 3
1727700114942 3.4925139999999146 4
1727700125200 3.7605369999999994 5
1727700135476 3.9115150000000085 6
1727700145767 3.9894939999999224 7
1727700156254 4.078742999999918 8
1727700166620 4.190066000000002 9
1727700176908 4.816148999999996 10
1727700187151 5.004500000000007 11
1727700197351 5.0473799999999756 12
1727700207543 5.2012999999999465 13
1727700217778 5.229630999999927 14
1727700227968 5.2697449999999435 15
1727700238634 5.27689399999997 16
1727700248779 5.298632999999995 17
1727700258934 5.299268999999981 18
1727700269149 5.300319999999942 19
1727700279358 5.309887000000003 20
1727700289523 5.395204999999919 21
1727700299669 5.40186499999993 22
1727700309857 5.4078929999999445 23
1727700320188 5.441509999999994 24
1727700330529 6.148607999999967 25
1727700340921 6.182415999999989 26
1727700351204 6.667954000000009 27
1727700361414 6.754816000000005 28
1727700371615 6.787487999999939 29
1727700381807 6.792537999999922 30
1727700391995 7.040015999999923 31
1727700402206 7.046326000000022 32
1727700412387 7.073542999999972 33
1727700422607 19.637599000000023 34
1727700432816 19.697050999999988 35
1727700443005 19.713077999999996 36
