1727700072184 5.499999999969418e-05 0
1727700082394 0.03670900000000188 1
1727700092603 0.09354700000000093 2
1727700103960 0.1328940000000003 3
1727700114942 0.2254460000000016 4
1727700125200 0.30570399999999864 5
1727700135476 0.38059700000000163 6
1727700145767 0.41329299999999947 7
1727700156254 0.46882300000000043 8
1727700166620 0.5148580000000003 9
1727700176908 0.5454089999999994 10
1727700187151 0.569072000000002 11
1727700197351 0.5782130000000016 12
1727700207543 0.604298 13
1727700217778 0.6273510000000009 14
1727700227968 0.6297640000000015 15
1727700238634 0.6359950000000012 16
1727700248779 0.6536560000000016 17
1727700258934 0.6543120000000009 18
1727700269149 0.6549130000000005 19
1727700279358 0.6681230000000014 20
1727700289523 0.7233289999999997 21
1727700299669 0.7263599999999997 22
1727700309857 0.729929000000002 23
1727700320188 0.7573110000000014 24
1727700330529 0.8730499999999992 25
1727700340921 0.9195190000000011 26
1727700351204 0.9762810000000002 27
1727700361414 1.0937580000000011 28
1727700371615 1.1056680000000014 29
1727700381807 1.1088190000000004 30
1727700391995 1.1162770000000002 31
1727700402206 1.1272389999999994 32
1727700412387 1.1405640000000012 33
1727700422607 1.3094849999999987 34
1727700432816 1.3616689999999991 35
1727700443005 1.3719059999999992 36
