1727700072184 96.9 0
1727700082394 97.3 1
1727700092603 93.5 2
1727700103960 95.2 3
1727700114942 96.3 4
1727700125200 93.7 5
1727700135476 91.6 6
1727700145767 94.3 7
1727700156254 94.8 8
1727700166620 95.0 9
1727700176908 96.2 10
1727700187151 96.0 11
1727700197351 96.0 12
1727700207543 96.3 13
1727700217778 96.7 14
1727700227968 96.7 15
1727700238634 96.6 16
1727700248779 96.6 17
1727700258934 96.9 18
1727700269149 96.5 19
1727700279358 96.9 20
1727700289523 96.9 21
1727700299669 96.9 22
1727700309857 96.7 23
1727700320188 97.0 24
1727700330529 97.7 25
1727700340921 96.3 26
1727700351204 95.7 27
1727700361414 96.2 28
1727700371615 94.8 29
1727700381807 95.1 30
1727700391995 95.4 31
1727700402206 94.6 32
1727700412387 94.7 33
1727700422607 96.0 34
1727700432816 94.2 35
1727700443005 92.8 36
