1727700072184 16451.7 0
1727700082394 16527.4 1
1727700092603 15884.5 2
1727700103960 16173.3 3
1727700114942 16352.2 4
1727700125200 15916.0 5
1727700135476 15550.4 6
1727700145767 16022.4 7
1727700156254 16095.1 8
1727700166620 16143.9 9
1727700176908 16338.5 10
1727700187151 16305.4 11
1727700197351 16303.7 12
1727700207543 16354.7 13
1727700217778 16426.8 14
1727700227968 16418.2 15
1727700238634 16408.9 16
1727700248779 16402.5 17
1727700258934 16457.6 18
1727700269149 16383.3 19
1727700279358 16460.7 20
1727700289523 16459.8 21
1727700299669 16457.8 22
1727700309857 16430.1 23
1727700320188 16481.8 24
1727700330529 16601.3 25
1727700340921 16353.2 26
1727700351204 16259.1 27
1727700361414 16347.9 28
1727700371615 16103.3 29
1727700381807 16150.5 30
1727700391995 16207.9 31
1727700402206 16066.5 32
1727700412387 16091.3 33
1727700422607 16299.2 34
1727700432816 16007.4 35
1727700443005 15768.4 36
