1727977550642 28.6 0
1727977560769 29.0 1
1727977570814 26.7 2
1727977580857 29.9 3
1727977590896 30.0 4
1727977600936 29.8 5
1727977610975 28.9 6
1727977621015 29.5 7
1727977631093 29.9 8
1727977641133 29.5 9
1727977651173 30.0 10
1727977661213 29.4 11
1727977671261 29.8 12
1727977681318 29.6 13
1727977691363 30.2 14
1727977701415 30.5 15
1727977711529 29.7 16
1727977721579 30.0 17
1727977731623 29.1 18
1727977741697 29.8 19
1727977751741 29.8 20
1727977761780 30.3 21
1727977771819 31.3 22
1727977781860 35.9 23
1727977791962 33.5 24
1727977802051 43.2 25
1727977812533 42.7 26
1727977823402 39.3 27
1727977833917 41.2 28
1727977844208 34.4 29
1727977854458 38.9 30
1727977864502 37.2 31
1727977874543 33.7 32
1727977884880 39.7 33
1727977894923 38.3 34
1727977904965 33.9 35
1727977915020 35.5 36
1727977925123 38.6 37
1727977935233 39.0 38
1727977945551 38.8 39
1727977955935 44.6 40
1727977965978 39.5 41
1727977976072 41.9 42
1727977986263 31.0 43
1727977996341 36.9 44
1727978006394 33.1 45
1727978016541 36.1 46
1727978026997 40.9 47
1727978037228 41.8 48
1727978047329 42.7 49
1727978057499 41.8 50
1727978068101 38.2 51
1727978078240 37.7 52
1727978088409 34.2 53
1727978098671 39.2 54
1727978108842 39.2 55
1727978119134 40.8 56
1727978129325 41.0 57
1727978139700 43.5 58
1727978149908 40.1 59
1727978160171 42.8 60
1727978170513 41.5 61
1727978181049 34.3 62
1727978191317 44.0 63
1727978201568 43.2 64
1727978212120 39.5 65
1727978222341 43.8 66
1727978232554 40.7 67
1727978243095 40.6 68
1727978253142 41.6 69
1727978263203 38.7 70
1727978273249 41.6 71
1727978283401 39.3 72
1727978293766 44.4 73
1727978303829 34.7 74
1727978313876 37.1 75
1727978324024 38.1 76
1727978334101 41.6 77
1727978344343 38.6 78
1727978354717 42.0 79
1727978364874 35.6 80
1727978375120 39.3 81
1727978385351 41.2 82
1727978395923 41.1 83
1727978407121 43.8 84
1727978417220 36.2 85
1727978427280 41.6 86
1727978437507 37.6 87
1727978447649 43.0 88
1727978457696 39.2 89
1727978468158 35.5 90
1727978478717 34.4 91
1727978489801 42.4 92
1727978500290 39.2 93
1727978510662 43.5 94
1727978520828 43.1 95
1727978530943 40.8 96
1727978541014 43.6 97
1727978551059 41.5 98
1727978561105 39.1 99
1727978572108 41.6 100
1727978582485 39.4 101
1727978592565 40.5 102
1727978602971 37.7 103
1727978613287 37.7 104
1727978623819 42.3 105
1727978633886 37.0 106
1727978643936 39.3 107
1727978654105 41.9 108
1727978664534 39.3 109
1727978674942 41.3 110
1727978685470 42.7 111
1727978695658 36.7 112
1727978705705 35.5 113
1727978715756 37.9 114
1727978725814 40.5 115
1727978735861 32.4 116
1727978746089 35.0 117
1727978756171 37.7 118
1727978766237 36.3 119
1727978776486 36.1 120
1727978787231 40.8 121
1727978798058 35.7 122
1727978808105 42.1 123
1727978818375 34.9 124
1727978828695 38.4 125
1727978838871 42.1 126
1727978848971 39.8 127
1727978859019 41.0 128
1727978869075 36.6 129
1727978879127 33.8 130
1727978889174 36.5 131
1727978899470 35.1 132
1727978909856 40.2 133
1727978919920 41.1 134
1727978930003 37.8 135
1727978940231 40.1 136
1727978950610 38.4 137
1727978960664 40.7 138
1727978971274 37.3 139
1727978981409 40.5 140
1727978991566 37.1 141
1727979002250 39.8 142
1727979012773 39.5 143
1727979022946 36.6 144
1727979033398 36.1 145
1727979043460 40.6 146
1727979053523 36.2 147
1727979063645 40.6 148
1727979074125 35.9 149
1727979084829 41.2 150
1727979094877 40.2 151
1727979104924 38.0 152
1727979114971 39.7 153
1727979125140 42.3 154
1727979135188 36.7 155
1727979145406 37.9 156
1727979155595 37.4 157
1727979166000 33.2 158
1727979176143 39.1 159
1727979186252 41.3 160
1727979196482 32.6 161
1727979206794 32.2 162
1727979217385 41.8 163
1727979227435 37.9 164
1727979237715 37.2 165
1727979248021 40.6 166
1727979258244 40.1 167
1727979268292 35.2 168
1727979278504 35.6 169
1727979288864 40.2 170
1727979298913 39.9 171
1727979308964 37.8 172
1727979319284 38.6 173
1727979329630 37.9 174
1727979339774 41.1 175
1727979349969 36.6 176
1727979360050 35.8 177
1727979370165 37.1 178
1727979380574 40.3 179
1727979390624 33.8 180
1727979400672 36.4 181
1727979410722 38.6 182
1727979420887 40.6 183
1727979431252 38.9 184
1727979441393 37.9 185
1727979451671 38.1 186
1727979462043 35.8 187
1727979472150 36.5 188
1727979482327 35.7 189
1727979492447 40.8 190
1727979503036 41.3 191
1727979513577 35.9 192
1727979524115 37.6 193
1727979534934 41.0 194
1727979545103 38.8 195
1727979555155 35.3 196
1727979565555 37.6 197
1727979576389 37.6 198
1727979586585 35.6 199
1727979596829 39.2 200
1727979606894 39.2 201
1727979617080 36.2 202
1727979627462 39.2 203
1727979637795 39.4 204
1727979647900 38.2 205
1727979657948 37.8 206
1727979668098 36.8 207
1727979678273 37.8 208
1727979688484 41.1 209
1727979698864 39.5 210
1727979708913 35.9 211
1727979718963 37.9 212
1727979729013 37.2 213
1727979739189 35.1 214
1727979749653 38.7 215
1727979759714 40.1 216
1727979770068 34.8 217
1727979780553 31.8 218
1727979791071 38.8 219
1727979801573 32.5 220
1727979811990 38.2 221
1727979822040 38.1 222
1727979832089 28.6 223
1727979842140 34.1 224
1727979852406 38.4 225
1727979862962 36.5 226
1727979873596 39.9 227
1727979883732 38.6 228
1727979893925 38.3 229
1727979904077 32.5 230
1727979914516 33.7 231
1727979924567 39.6 232
1727979934709 32.6 233
1727979945084 32.9 234
1727979955218 35.1 235
1727979965535 32.3 236
1727979975928 41.0 237
1727979986387 33.9 238
1727979996590 38.4 239
1727980006642 35.9 240
1727980016695 36.0 241
1727980026751 29.8 242
1727980036804 36.3 243
1727980046859 32.4 244
1727980056914 34.2 245
1727980066971 33.3 246
1727980077023 31.7 247
1727980087076 30.0 248
1727980097130 31.8 249
1727980107189 36.3 250
1727980117242 31.6 251
1727980127413 32.5 252
1727980137790 33.9 253
1727980147843 34.2 254
1727980157896 28.7 255
1727980168217 37.1 256
1727980178776 33.3 257
1727980189006 37.0 258
1727980199064 31.7 259
1727980209339 34.3 260
1727980219753 35.9 261
1727980229812 27.2 262
1727980239878 22.7 263
1727980249932 22.7 264
1727980259981 22.7 265
1727980270032 22.7 266
