1727977550642 192195.1 0
1727977560769 192195.1 1
1727977570814 192195.1 2
1727977580857 192195.1 3
1727977590896 192195.1 4
1727977600936 192195.1 5
1727977610975 192195.1 6
1727977621015 192195.1 7
1727977631093 192195.1 8
1727977641133 192195.1 9
1727977651173 192195.1 10
1727977661213 192195.1 11
1727977671261 192195.1 12
1727977681318 192195.1 13
1727977691363 192195.1 14
1727977701415 192195.1 15
1727977711529 192195.1 16
1727977721579 192195.1 17
1727977731623 192195.1 18
1727977741697 192195.1 19
1727977751741 192195.1 20
1727977761780 192195.1 21
1727977771819 192195.1 22
1727977781860 192195.1 23
1727977791962 192195.1 24
1727977802051 192195.1 25
1727977812533 192195.1 26
1727977823402 192195.1 27
1727977833917 192195.1 28
1727977844208 192195.1 29
1727977854458 192195.1 30
1727977864502 192195.1 31
1727977874543 192195.1 32
1727977884880 192195.1 33
1727977894923 192195.1 34
1727977904965 192195.1 35
1727977915020 192195.1 36
1727977925123 192195.1 37
1727977935233 192195.1 38
1727977945551 192195.1 39
1727977955935 192195.1 40
1727977965978 192195.1 41
1727977976072 192195.1 42
1727977986263 192195.1 43
1727977996341 192195.1 44
1727978006394 192195.1 45
1727978016541 192195.1 46
1727978026997 192195.1 47
1727978037228 192195.1 48
1727978047329 192195.1 49
1727978057499 192195.1 50
1727978068101 192195.1 51
1727978078240 192195.1 52
1727978088409 192195.1 53
1727978098671 192195.1 54
1727978108842 192195.1 55
1727978119134 192195.1 56
1727978129325 192195.1 57
1727978139700 192195.1 58
1727978149908 192195.1 59
1727978160171 192195.1 60
1727978170513 192195.1 61
1727978181049 192195.1 62
1727978191317 192195.1 63
1727978201568 192195.1 64
1727978212120 192195.1 65
1727978222341 192195.1 66
1727978232554 192195.1 67
1727978243095 192195.1 68
1727978253142 192195.1 69
1727978263203 192195.1 70
1727978273249 192195.1 71
1727978283401 192195.1 72
1727978293766 192195.1 73
1727978303829 192195.1 74
1727978313876 192195.1 75
1727978324024 192195.1 76
1727978334101 192195.1 77
1727978344343 192195.1 78
1727978354717 192195.1 79
1727978364874 192195.1 80
1727978375120 192195.1 81
1727978385351 192195.1 82
1727978395923 192195.1 83
1727978407121 192195.1 84
1727978417220 192195.1 85
1727978427280 192195.1 86
1727978437507 192195.1 87
1727978447649 192195.1 88
1727978457696 192195.1 89
1727978468158 192195.1 90
1727978478717 192195.1 91
1727978489801 192195.1 92
1727978500290 192195.1 93
1727978510662 192195.1 94
1727978520828 192195.1 95
1727978530943 192195.1 96
1727978541014 192195.1 97
1727978551059 192195.1 98
1727978561105 192195.1 99
1727978572108 192195.1 100
1727978582485 192195.1 101
1727978592565 192195.1 102
1727978602971 192195.1 103
1727978613287 192195.1 104
1727978623819 192195.1 105
1727978633886 192195.1 106
1727978643936 192195.1 107
1727978654105 192195.1 108
1727978664534 192195.1 109
1727978674942 192195.1 110
1727978685470 192195.1 111
1727978695658 192195.1 112
1727978705705 192195.1 113
1727978715756 192195.1 114
1727978725814 192195.1 115
1727978735861 192195.1 116
1727978746089 192195.1 117
1727978756171 192195.1 118
1727978766237 192195.1 119
1727978776486 192195.1 120
1727978787231 192195.1 121
1727978798058 192195.1 122
1727978808105 192195.1 123
1727978818375 192195.1 124
1727978828695 192195.1 125
1727978838871 192195.1 126
1727978848971 192195.1 127
1727978859019 192195.1 128
1727978869075 192195.1 129
1727978879127 192195.1 130
1727978889174 192195.1 131
1727978899470 192195.1 132
1727978909856 192195.1 133
1727978919920 192195.1 134
1727978930003 192195.1 135
1727978940231 192195.1 136
1727978950610 192195.1 137
1727978960664 192195.1 138
1727978971274 192195.1 139
1727978981409 192195.1 140
1727978991566 192195.1 141
1727979002250 192195.1 142
1727979012773 192195.1 143
1727979022946 192195.1 144
1727979033398 192195.1 145
1727979043460 192195.1 146
1727979053523 192195.1 147
1727979063645 192195.1 148
1727979074125 192195.1 149
1727979084829 192195.1 150
1727979094877 192195.1 151
1727979104924 192195.1 152
1727979114971 192195.1 153
1727979125140 192195.1 154
1727979135188 192195.1 155
1727979145406 192195.1 156
1727979155595 192195.1 157
1727979166000 192195.1 158
1727979176143 192195.1 159
1727979186252 192195.1 160
1727979196482 192195.1 161
1727979206794 192195.1 162
1727979217385 192195.1 163
1727979227435 192195.1 164
1727979237715 192195.1 165
1727979248021 192195.1 166
1727979258244 192195.1 167
1727979268292 192195.1 168
1727979278504 192195.1 169
1727979288864 192195.1 170
1727979298913 192195.1 171
1727979308964 192195.1 172
1727979319284 192195.1 173
1727979329630 192195.1 174
1727979339774 192195.1 175
1727979349969 192195.1 176
1727979360050 192195.1 177
1727979370165 192195.1 178
1727979380574 192195.1 179
1727979390624 192195.1 180
1727979400672 192195.1 181
1727979410722 192195.1 182
1727979420887 192195.1 183
1727979431252 192195.1 184
1727979441393 192195.1 185
1727979451671 192195.1 186
1727979462043 192195.1 187
1727979472150 192195.1 188
1727979482327 192195.1 189
1727979492447 192195.1 190
1727979503036 192195.1 191
1727979513577 192195.1 192
1727979524115 192195.1 193
1727979534934 192195.1 194
1727979545103 192195.1 195
1727979555155 192195.1 196
1727979565555 192195.1 197
1727979576389 192195.1 198
1727979586585 192195.1 199
1727979596829 192195.1 200
1727979606894 192195.1 201
1727979617080 192195.1 202
1727979627462 192195.1 203
1727979637795 192195.1 204
1727979647900 192195.1 205
1727979657948 192195.1 206
1727979668098 192195.1 207
1727979678273 192195.1 208
1727979688484 192195.1 209
1727979698864 192195.1 210
1727979708913 192195.1 211
1727979718963 192195.1 212
1727979729013 192195.1 213
1727979739189 192195.1 214
1727979749653 192195.1 215
1727979759714 192195.1 216
1727979770068 192195.1 217
1727979780553 192195.1 218
1727979791071 192195.1 219
1727979801573 192195.1 220
1727979811990 192195.1 221
1727979822040 192195.1 222
1727979832089 192195.1 223
1727979842140 192195.1 224
1727979852406 192195.1 225
1727979862962 192195.1 226
1727979873596 192195.1 227
1727979883732 192195.1 228
1727979893925 192195.1 229
1727979904077 192195.1 230
1727979914516 192195.1 231
1727979924567 192195.1 232
1727979934709 192195.1 233
1727979945084 192195.1 234
1727979955218 192195.1 235
1727979965535 192195.1 236
1727979975928 192195.1 237
1727979986387 192195.1 238
1727979996590 192195.1 239
1727980006642 192195.2 240
1727980016695 192195.2 241
1727980026751 192195.2 242
1727980036804 192195.2 243
1727980046859 192195.2 244
1727980056914 192195.2 245
1727980066971 192195.2 246
1727980077023 192195.2 247
1727980087076 192195.2 248
1727980097130 192195.2 249
1727980107189 192195.2 250
1727980117242 192195.2 251
1727980127413 192195.2 252
1727980137790 192195.2 253
1727980147843 192195.2 254
1727980157896 192195.2 255
1727980168217 192195.2 256
1727980178776 192195.2 257
1727980189006 192195.2 258
1727980199064 192195.2 259
1727980209339 192195.2 260
1727980219753 192195.2 261
1727980229812 192195.2 262
1727980239878 192195.2 263
1727980249932 192195.2 264
1727980259981 192195.2 265
1727980270032 192195.2 266
