1727977550642 22515.3 0
1727977560769 22515.3 1
1727977570814 22515.3 2
1727977580857 22515.3 3
1727977590896 22515.3 4
1727977600936 22515.2 5
1727977610975 22515.2 6
1727977621015 22515.2 7
1727977631093 22515.2 8
1727977641133 22515.2 9
1727977651173 22515.2 10
1727977661213 22515.2 11
1727977671261 22515.2 12
1727977681318 22515.2 13
1727977691363 22515.2 14
1727977701415 22515.2 15
1727977711529 22515.2 16
1727977721579 22515.2 17
1727977731623 22515.2 18
1727977741697 22515.2 19
1727977751741 22515.2 20
1727977761780 22515.2 21
1727977771819 22515.2 22
1727977781860 22515.2 23
1727977791962 22515.2 24
1727977802051 22515.2 25
1727977812533 22515.2 26
1727977823402 22515.2 27
1727977833917 22515.2 28
1727977844208 22515.2 29
1727977854458 22515.2 30
1727977864502 22515.2 31
1727977874543 22515.2 32
1727977884880 22515.2 33
1727977894923 22515.2 34
1727977904965 22515.2 35
1727977915020 22515.2 36
1727977925123 22515.2 37
1727977935233 22515.3 38
1727977945551 22515.3 39
1727977955935 22515.3 40
1727977965978 22515.3 41
1727977976072 22515.3 42
1727977986263 22515.3 43
1727977996341 22515.3 44
1727978006394 22515.3 45
1727978016541 22515.3 46
1727978026997 22515.3 47
1727978037228 22515.3 48
1727978047329 22515.3 49
1727978057499 22515.3 50
1727978068101 22515.3 51
1727978078240 22515.3 52
1727978088409 22515.3 53
1727978098671 22515.3 54
1727978108842 22515.3 55
1727978119134 22515.3 56
1727978129325 22515.3 57
1727978139700 22515.3 58
1727978149908 22515.3 59
1727978160171 22515.3 60
1727978170513 22515.3 61
1727978181049 22515.3 62
1727978191317 22515.3 63
1727978201568 22515.3 64
1727978212120 22515.3 65
1727978222341 22515.3 66
1727978232554 22515.3 67
1727978243095 22515.3 68
1727978253142 22515.3 69
1727978263203 22515.3 70
1727978273249 22515.3 71
1727978283401 22515.3 72
1727978293766 22515.2 73
1727978303829 22515.2 74
1727978313876 22515.2 75
1727978324024 22515.2 76
1727978334101 22515.2 77
1727978344343 22515.2 78
1727978354717 22515.2 79
1727978364874 22515.2 80
1727978375120 22515.2 81
1727978385351 22515.2 82
1727978395923 22515.2 83
1727978407121 22515.2 84
1727978417220 22515.2 85
1727978427280 22515.2 86
1727978437507 22515.2 87
1727978447649 22515.2 88
1727978457696 22515.2 89
1727978468158 22515.2 90
1727978478717 22515.2 91
1727978489801 22515.2 92
1727978500290 22515.2 93
1727978510662 22515.2 94
1727978520828 22515.2 95
1727978530943 22515.2 96
1727978541014 22515.2 97
1727978551059 22515.2 98
1727978561105 22515.2 99
1727978572108 22515.2 100
1727978582485 22515.2 101
1727978592565 22515.2 102
1727978602971 22515.2 103
1727978613287 22515.2 104
1727978623819 22515.2 105
1727978633886 22515.2 106
1727978643936 22515.2 107
1727978654105 22515.2 108
1727978664534 22515.2 109
1727978674942 22515.2 110
1727978685470 22515.2 111
1727978695658 22515.2 112
1727978705705 22515.2 113
1727978715756 22515.2 114
1727978725814 22515.2 115
1727978735861 22515.2 116
1727978746089 22515.2 117
1727978756171 22515.2 118
1727978766237 22515.2 119
1727978776486 22515.2 120
1727978787231 22515.2 121
1727978798058 22515.2 122
1727978808105 22515.2 123
1727978818375 22515.2 124
1727978828695 22515.2 125
1727978838871 22515.2 126
1727978848971 22515.2 127
1727978859019 22515.2 128
1727978869075 22515.2 129
1727978879127 22515.2 130
1727978889174 22515.2 131
1727978899470 22515.2 132
1727978909856 22515.2 133
1727978919920 22515.2 134
1727978930003 22515.2 135
1727978940231 22515.2 136
1727978950610 22515.2 137
1727978960664 22515.2 138
1727978971274 22515.2 139
1727978981409 22515.2 140
1727978991566 22515.2 141
1727979002250 22515.2 142
1727979012773 22515.2 143
1727979022946 22515.2 144
1727979033398 22515.2 145
1727979043460 22515.2 146
1727979053523 22515.2 147
1727979063645 22515.2 148
1727979074125 22515.2 149
1727979084829 22515.2 150
1727979094877 22515.2 151
1727979104924 22515.2 152
1727979114971 22515.2 153
1727979125140 22515.2 154
1727979135188 22515.2 155
1727979145406 22515.2 156
1727979155595 22515.2 157
1727979166000 22515.2 158
1727979176143 22515.2 159
1727979186252 22515.2 160
1727979196482 22515.2 161
1727979206794 22515.2 162
1727979217385 22515.2 163
1727979227435 22515.2 164
1727979237715 22515.2 165
1727979248021 22515.2 166
1727979258244 22515.2 167
1727979268292 22515.2 168
1727979278504 22515.2 169
1727979288864 22515.2 170
1727979298913 22515.2 171
1727979308964 22515.2 172
1727979319284 22515.2 173
1727979329630 22515.2 174
1727979339774 22515.2 175
1727979349969 22515.2 176
1727979360050 22515.2 177
1727979370165 22515.2 178
1727979380574 22515.2 179
1727979390624 22515.2 180
1727979400672 22515.2 181
1727979410722 22515.2 182
1727979420887 22515.2 183
1727979431252 22515.2 184
1727979441393 22515.2 185
1727979451671 22515.2 186
1727979462043 22515.2 187
1727979472150 22515.2 188
1727979482327 22515.2 189
1727979492447 22515.2 190
1727979503036 22515.2 191
1727979513577 22515.2 192
1727979524115 22515.2 193
1727979534934 22515.2 194
1727979545103 22515.2 195
1727979555155 22515.2 196
1727979565555 22515.2 197
1727979576389 22515.2 198
1727979586585 22515.2 199
1727979596829 22515.2 200
1727979606894 22515.2 201
1727979617080 22515.2 202
1727979627462 22515.2 203
1727979637795 22515.2 204
1727979647900 22515.2 205
1727979657948 22515.2 206
1727979668098 22515.2 207
1727979678273 22515.2 208
1727979688484 22515.2 209
1727979698864 22515.2 210
1727979708913 22515.2 211
1727979718963 22515.2 212
1727979729013 22515.2 213
1727979739189 22515.2 214
1727979749653 22515.2 215
1727979759714 22515.2 216
1727979770068 22515.2 217
1727979780553 22515.2 218
1727979791071 22515.2 219
1727979801573 22515.2 220
1727979811990 22515.2 221
1727979822040 22515.2 222
1727979832089 22515.2 223
1727979842140 22515.2 224
1727979852406 22515.2 225
1727979862962 22515.2 226
1727979873596 22515.2 227
1727979883732 22515.2 228
1727979893925 22515.2 229
1727979904077 22515.2 230
1727979914516 22515.2 231
1727979924567 22515.2 232
1727979934709 22515.2 233
1727979945084 22515.2 234
1727979955218 22515.2 235
1727979965535 22515.2 236
1727979975928 22515.2 237
1727979986387 22515.2 238
1727979996590 22515.2 239
1727980006642 22515.2 240
1727980016695 22515.2 241
1727980026751 22515.2 242
1727980036804 22515.2 243
1727980046859 22515.2 244
1727980056914 22515.2 245
1727980066971 22515.2 246
1727980077023 22515.2 247
1727980087076 22515.2 248
1727980097130 22515.2 249
1727980107189 22515.2 250
1727980117242 22515.2 251
1727980127413 22515.2 252
1727980137790 22515.2 253
1727980147843 22515.2 254
1727980157896 22515.2 255
1727980168217 22515.2 256
1727980178776 22515.2 257
1727980189006 22515.2 258
1727980199064 22515.2 259
1727980209339 22515.2 260
1727980219753 22515.2 261
1727980229812 22515.2 262
1727980239878 22515.2 263
1727980249932 22515.2 264
1727980259981 22515.2 265
1727980270032 22515.2 266
