1727977550642 10.5 0
1727977560769 10.5 1
1727977570814 10.5 2
1727977580857 10.5 3
1727977590896 10.5 4
1727977600936 10.5 5
1727977610975 10.5 6
1727977621015 10.5 7
1727977631093 10.5 8
1727977641133 10.5 9
1727977651173 10.5 10
1727977661213 10.5 11
1727977671261 10.5 12
1727977681318 10.5 13
1727977691363 10.5 14
1727977701415 10.5 15
1727977711529 10.5 16
1727977721579 10.5 17
1727977731623 10.5 18
1727977741697 10.5 19
1727977751741 10.5 20
1727977761780 10.5 21
1727977771819 10.5 22
1727977781860 10.5 23
1727977791962 10.5 24
1727977802051 10.5 25
1727977812533 10.5 26
1727977823402 10.5 27
1727977833917 10.5 28
1727977844208 10.5 29
1727977854458 10.5 30
1727977864502 10.5 31
1727977874543 10.5 32
1727977884880 10.5 33
1727977894923 10.5 34
1727977904965 10.5 35
1727977915020 10.5 36
1727977925123 10.5 37
1727977935233 10.5 38
1727977945551 10.5 39
1727977955935 10.5 40
1727977965978 10.5 41
1727977976072 10.5 42
1727977986263 10.5 43
1727977996341 10.5 44
1727978006394 10.5 45
1727978016541 10.5 46
1727978026997 10.5 47
1727978037228 10.5 48
1727978047329 10.5 49
1727978057499 10.5 50
1727978068101 10.5 51
1727978078240 10.5 52
1727978088409 10.5 53
1727978098671 10.5 54
1727978108842 10.5 55
1727978119134 10.5 56
1727978129325 10.5 57
1727978139700 10.5 58
1727978149908 10.5 59
1727978160171 10.5 60
1727978170513 10.5 61
1727978181049 10.5 62
1727978191317 10.5 63
1727978201568 10.5 64
1727978212120 10.5 65
1727978222341 10.5 66
1727978232554 10.5 67
1727978243095 10.5 68
1727978253142 10.5 69
1727978263203 10.5 70
1727978273249 10.5 71
1727978283401 10.5 72
1727978293766 10.5 73
1727978303829 10.5 74
1727978313876 10.5 75
1727978324024 10.5 76
1727978334101 10.5 77
1727978344343 10.5 78
1727978354717 10.5 79
1727978364874 10.5 80
1727978375120 10.5 81
1727978385351 10.5 82
1727978395923 10.5 83
1727978407121 10.5 84
1727978417220 10.5 85
1727978427280 10.5 86
1727978437507 10.5 87
1727978447649 10.5 88
1727978457696 10.5 89
1727978468158 10.5 90
1727978478717 10.5 91
1727978489801 10.5 92
1727978500290 10.5 93
1727978510662 10.5 94
1727978520828 10.5 95
1727978530943 10.5 96
1727978541014 10.5 97
1727978551059 10.5 98
1727978561105 10.5 99
1727978572108 10.5 100
1727978582485 10.5 101
1727978592565 10.5 102
1727978602971 10.5 103
1727978613287 10.5 104
1727978623819 10.5 105
1727978633886 10.5 106
1727978643936 10.5 107
1727978654105 10.5 108
1727978664534 10.5 109
1727978674942 10.5 110
1727978685470 10.5 111
1727978695658 10.5 112
1727978705705 10.5 113
1727978715756 10.5 114
1727978725814 10.5 115
1727978735861 10.5 116
1727978746089 10.5 117
1727978756171 10.5 118
1727978766237 10.5 119
1727978776486 10.5 120
1727978787231 10.5 121
1727978798058 10.5 122
1727978808105 10.5 123
1727978818375 10.5 124
1727978828695 10.5 125
1727978838871 10.5 126
1727978848971 10.5 127
1727978859019 10.5 128
1727978869075 10.5 129
1727978879127 10.5 130
1727978889174 10.5 131
1727978899470 10.5 132
1727978909856 10.5 133
1727978919920 10.5 134
1727978930003 10.5 135
1727978940231 10.5 136
1727978950610 10.5 137
1727978960664 10.5 138
1727978971274 10.5 139
1727978981409 10.5 140
1727978991566 10.5 141
1727979002250 10.5 142
1727979012773 10.5 143
1727979022946 10.5 144
1727979033398 10.5 145
1727979043460 10.5 146
1727979053523 10.5 147
1727979063645 10.5 148
1727979074125 10.5 149
1727979084829 10.5 150
1727979094877 10.5 151
1727979104924 10.5 152
1727979114971 10.5 153
1727979125140 10.5 154
1727979135188 10.5 155
1727979145406 10.5 156
1727979155595 10.5 157
1727979166000 10.5 158
1727979176143 10.5 159
1727979186252 10.5 160
1727979196482 10.5 161
1727979206794 10.5 162
1727979217385 10.5 163
1727979227435 10.5 164
1727979237715 10.5 165
1727979248021 10.5 166
1727979258244 10.5 167
1727979268292 10.5 168
1727979278504 10.5 169
1727979288864 10.5 170
1727979298913 10.5 171
1727979308964 10.5 172
1727979319284 10.5 173
1727979329630 10.5 174
1727979339774 10.5 175
1727979349969 10.5 176
1727979360050 10.5 177
1727979370165 10.5 178
1727979380574 10.5 179
1727979390624 10.5 180
1727979400672 10.5 181
1727979410722 10.5 182
1727979420887 10.5 183
1727979431252 10.5 184
1727979441393 10.5 185
1727979451671 10.5 186
1727979462043 10.5 187
1727979472150 10.5 188
1727979482327 10.5 189
1727979492447 10.5 190
1727979503036 10.5 191
1727979513577 10.5 192
1727979524115 10.5 193
1727979534934 10.5 194
1727979545103 10.5 195
1727979555155 10.5 196
1727979565555 10.5 197
1727979576389 10.5 198
1727979586585 10.5 199
1727979596829 10.5 200
1727979606894 10.5 201
1727979617080 10.5 202
1727979627462 10.5 203
1727979637795 10.5 204
1727979647900 10.5 205
1727979657948 10.5 206
1727979668098 10.5 207
1727979678273 10.5 208
1727979688484 10.5 209
1727979698864 10.5 210
1727979708913 10.5 211
1727979718963 10.5 212
1727979729013 10.5 213
1727979739189 10.5 214
1727979749653 10.5 215
1727979759714 10.5 216
1727979770068 10.5 217
1727979780553 10.5 218
1727979791071 10.5 219
1727979801573 10.5 220
1727979811990 10.5 221
1727979822040 10.5 222
1727979832089 10.5 223
1727979842140 10.5 224
1727979852406 10.5 225
1727979862962 10.5 226
1727979873596 10.5 227
1727979883732 10.5 228
1727979893925 10.5 229
1727979904077 10.5 230
1727979914516 10.5 231
1727979924567 10.5 232
1727979934709 10.5 233
1727979945084 10.5 234
1727979955218 10.5 235
1727979965535 10.5 236
1727979975928 10.5 237
1727979986387 10.5 238
1727979996590 10.5 239
1727980006642 10.5 240
1727980016695 10.5 241
1727980026751 10.5 242
1727980036804 10.5 243
1727980046859 10.5 244
1727980056914 10.5 245
1727980066971 10.5 246
1727980077023 10.5 247
1727980087076 10.5 248
1727980097130 10.5 249
1727980107189 10.5 250
1727980117242 10.5 251
1727980127413 10.5 252
1727980137790 10.5 253
1727980147843 10.5 254
1727980157896 10.5 255
1727980168217 10.5 256
1727980178776 10.5 257
1727980189006 10.5 258
1727980199064 10.5 259
1727980209339 10.5 260
1727980219753 10.5 261
1727980229812 10.5 262
1727980239878 10.5 263
1727980249932 10.5 264
1727980259981 10.5 265
1727980270032 10.5 266
