1727977550642 0.0036500096321105957 0
1727977560769 50.229831010103226 1
1727977570814 318.13813802599907 2
1727977580857 367.2431470155716 3
1727977590896 382.69035801291466 4
1727977600936 431.95776000618935 5
1727977610975 464.76499101519585 6
1727977621015 497.26597702503204 7
1727977631093 530.0731150209904 8
1727977641133 562.1298440098763 9
1727977651173 594.3621210157871 10
1727977661213 626.9453999996185 11
1727977671261 659.0544750094414 12
1727977681318 691.8973000049591 13
1727977691363 741.6618290245533 14
1727977701415 757.9797919988632 15
1727977711529 947.5977540016174 16
1727977721579 997.1278610229492 17
1727977731623 1029.2623659968376 18
1727977741697 1275.4447910189629 19
1727977751741 1308.0521150231361 20
1727977761780 1357.32282102108 21
1727977771819 1389.5717260241508 22
1727977781860 1404.783371001482 23
1727977791962 1437.1886250078678 24
1727977802051 1486.1415600180626 25
1727977812533 1501.102607011795 26
1727977823402 1533.8274160027504 27
1727977833917 1584.5211270153522 28
1727977844208 1616.5766180157661 29
1727977854458 1666.2211849987507 30
1727977864502 1681.0192800164223 31
1727977874543 1730.369717001915 32
1727977884880 1761.5656550228596 33
1727977894923 1794.3236030042171 34
1727977904965 1827.0238370001316 35
1727977915020 1858.5397260189056 36
1727977925123 1906.5669369995594 37
1727977935233 1922.3888480067253 38
1727977945551 1944.9930980205536 39
1727977955935 1961.1604500114918 40
1727977965978 1992.8415270149708 41
1727977976072 2007.8388430178165 42
1727977986263 2040.24802801013 43
1727977996341 2055.7987260222435 44
1727978006394 2088.1172420084476 45
1727978016541 2103.248900026083 46
1727978026997 2118.9741230010986 47
1727978037228 2151.0402300059795 48
1727978047329 2166.1857820153236 49
1727978057499 2186.5216560065746 50
1727978068101 2202.621817022562 51
1727978078240 2218.0035749971867 52
1727978088409 2233.7815259993076 53
1727978098671 2249.0858570039272 54
1727978108842 2264.20734500885 55
1727978119134 2278.6271300017834 56
1727978129325 2293.5927890241146 57
1727978139700 2309.9694450199604 58
1727978149908 2324.902919024229 59
1727978160171 2354.9152629971504 60
1727978170513 2371.0053260028362 61
1727978181049 2386.0416990220547 62
1727978191317 2753.582943022251 63
1727978201568 2933.3134030103683 64
1727978212120 3106.0352050065994 65
1727978222341 3290.3689150214195 66
1727978232554 3457.683347016573 67
1727978243095 3642.8642240166664 68
1727978253142 3805.9334270060062 69
1727978263203 4234.649387001991 70
1727978273249 4249.336524009705 71
1727978283401 4264.586401998997 72
1727978293766 4280.423527002335 73
1727978303829 4295.740025997162 74
1727978313876 4310.082004010677 75
1727978324024 4325.019814997911 76
1727978334101 4341.171136021614 77
1727978344343 4355.777376025915 78
1727978354717 4371.099707007408 79
1727978364874 4386.72954300046 80
1727978375120 4402.201416999102 81
1727978385351 4421.558737009764 82
1727978395923 4835.2535490095615 83
1727978407121 5020.455404013395 84
1727978417220 5206.404125005007 85
1727978427280 5390.681666016579 86
1727978437507 5558.608312010765 87
1727978447649 5740.113665997982 88
1727978457696 5754.7931190133095 89
1727978468158 5770.492671012878 90
1727978478717 5787.210133999586 91
1727978489801 6172.48068600893 92
1727978500290 6408.546413004398 93
1727978510662 6565.085054010153 94
1727978520828 6579.915305018425 95
1727978530943 6595.054704010487 96
1727978541014 6610.056845009327 97
1727978551059 6625.196373999119 98
1727978561105 6640.023041009903 99
1727978572108 6655.451277017593 100
1727978582485 7112.676333010197 101
1727978592565 7127.863497018814 102
1727978602971 7143.103513002396 103
1727978613287 7158.551797002554 104
1727978623819 7174.323963999748 105
1727978633886 7190.217388004065 106
1727978643936 7205.055142015219 107
1727978654105 7218.903378009796 108
1727978664534 7234.778066009283 109
1727978674942 7249.869765996933 110
1727978685470 7265.977905005217 111
1727978695658 7281.285846024752 112
1727978705705 7295.739273011684 113
1727978715756 7310.4022080004215 114
1727978725814 7326.136438012123 115
1727978735861 7341.780378997326 116
1727978746089 7356.908217012882 117
1727978756171 7372.560212999582 118
1727978766237 7387.841033011675 119
1727978776486 7402.891864001751 120
1727978787231 7418.614282011986 121
1727978798058 7436.13159301877 122
1727978808105 7450.724184006453 123
1727978818375 7466.56185400486 124
1727978828695 7482.6381460130215 125
1727978838871 7497.696910023689 126
1727978848971 7512.873697012663 127
1727978859019 7528.0152280032635 128
1727978869075 7543.972843021154 129
1727978879127 7559.64662399888 130
1727978889174 7574.998073011637 131
1727978899470 7590.279325008392 132
1727978909856 7606.219804018736 133
1727978919920 7621.828037023544 134
1727978930003 7637.252626001835 135
1727978940231 7653.092873007059 136
1727978950610 7668.6194460093975 137
1727978960664 7683.7841140031815 138
1727978971274 7698.550895005465 139
1727978981409 7713.961296021938 140
1727978991566 7728.275771021843 141
1727979002250 7744.0894130170345 142
1727979012773 7760.081634014845 143
1727979022946 7775.643768012524 144
1727979033398 7790.494528025389 145
1727979043460 7806.282990008593 146
1727979053523 7821.589505016804 147
1727979063645 7836.4140630066395 148
1727979074125 7850.8446090221405 149
1727979084829 7867.720282018185 150
1727979094877 7882.908309012651 151
1727979104924 7898.111342012882 152
1727979114971 7912.697649002075 153
1727979125140 7927.566094011068 154
1727979135188 7941.81000199914 155
1727979145406 7956.357781022787 156
1727979155595 7971.784277021885 157
1727979166000 7987.8774690032005 158
1727979176143 8002.984342008829 159
1727979186252 8018.243209004402 160
1727979196482 8033.515040010214 161
1727979206794 8049.6516390144825 162
1727979217385 8065.794946998358 163
1727979227435 8080.643894016743 164
1727979237715 8095.398113012314 165
1727979248021 8111.198743015528 166
1727979258244 8125.271881014109 167
1727979268292 8140.7053090035915 168
1727979278504 8154.472254008055 169
1727979288864 8169.438603013754 170
1727979298913 8184.073526024818 171
1727979308964 8199.228830009699 172
1727979319284 8214.065875023603 173
1727979329630 8230.161329001188 174
1727979339774 8245.58458301425 175
1727979349969 8260.477640002966 176
1727979360050 8276.584794998169 177
1727979370165 8291.9945320189 178
1727979380574 8307.840950012207 179
1727979390624 8323.547477006912 180
1727979400672 8338.475597023964 181
1727979410722 8353.9518430233 182
1727979420887 8369.097284018993 183
1727979431252 8385.485381007195 184
1727979441393 8400.229300022125 185
1727979451671 8415.853374004364 186
1727979462043 8431.319182008505 187
1727979472150 8446.762522011995 188
1727979482327 8462.145546019077 189
1727979492447 8476.941321015358 190
1727979503036 8492.596218019724 191
1727979513577 8508.789021998644 192
1727979524115 8524.789486020803 193
1727979534934 8540.79854902625 194
1727979545103 8556.6037620008 195
1727979555155 8572.390837013721 196
1727979565555 8587.310574024916 197
1727979576389 8603.96467000246 198
1727979586585 8619.673710018396 199
1727979596829 8635.696460008621 200
1727979606894 8650.54610401392 201
1727979617080 8665.518919020891 202
1727979627462 8681.72093501687 203
1727979637795 8696.927376002073 204
1727979647900 8711.91053199768 205
1727979657948 8727.252423018217 206
1727979668098 8742.577824026346 207
1727979678273 8758.902381002903 208
1727979688484 8774.169268012047 209
1727979698864 8789.582546025515 210
1727979708913 8804.086422026157 211
1727979718963 8819.570693016052 212
1727979729013 8834.912933021784 213
1727979739189 8851.223204016685 214
1727979749653 8867.15323600173 215
1727979759714 8882.392606019974 216
1727979770068 8897.293770998716 217
1727979780553 8914.113640010357 218
1727979791071 8929.509650021791 219
1727979801573 8945.910083025694 220
1727979811990 8962.565547019243 221
1727979822040 8977.809431999922 222
1727979832089 8993.433954000473 223
1727979842140 9009.158451020718 224
1727979852406 9024.410581022501 225
1727979862962 9041.451349020004 226
1727979873596 9057.23061800003 227
1727979883732 9072.983235001564 228
1727979893925 9088.386887997389 229
1727979904077 9101.764885008335 230
1727979914516 9118.445235013962 231
1727979924567 9133.82135400176 232
1727979934709 9149.479629009962 233
1727979945084 9165.783616006374 234
1727979955218 9621.660931020975 235
1727979965535 9637.91873601079 236
1727979975928 9652.658972024918 237
1727979986387 9668.890649020672 238
1727979996590 9684.75464001298 239
1727980006642 9700.582378000021 240
1727980016695 9715.9938749969 241
1727980026751 9731.74319601059 242
1727980036804 9747.437178999186 243
1727980046859 9763.23736000061 244
1727980056914 9778.88165101409 245
1727980066971 9794.462160021067 246
1727980077023 9810.229576021433 247
1727980087076 9825.755018025637 248
1727980097130 9841.290228009224 249
1727980107189 9856.432649999857 250
1727980117242 9872.843296021223 251
1727980127413 9888.620734006166 252
1727980137790 9905.402070999146 253
1727980147843 10361.1495090127 254
1727980157896 10377.031650006771 255
1727980168217 10392.823333024979 256
1727980178776 10409.760295003653 257
1727980189006 10426.329154998064 258
1727980199064 10442.373971998692 259
1727980209339 10458.006204009056 260
1727980219753 10474.578754007816 261
1727980229812 10490.650263011456 262
1727980239878 10505.5435090065 263
1727980249932 10521.103621006012 264
1727980259981 10535.946907013655 265
1727980270032 10550.719414025545 266
