1727977550642 0.19946801662445068 0
1727977560769 16.995264023542404 1
1727977570814 34.37951001524925 2
1727977580857 50.41709700226784 3
1727977590896 66.69451200962067 4
1727977600936 83.61324000358582 5
1727977610975 99.95047500729561 6
1727977621015 116.2717450261116 7
1727977631093 133.00664201378822 8
1727977641133 149.03627800941467 9
1727977651173 165.5291720032692 10
1727977661213 181.83522102236748 11
1727977671261 198.0034880042076 12
1727977681318 214.83619099855423 13
1727977691363 231.72436201572418 14
1727977701415 249.10809701681137 15
1727977711529 265.9388830065727 16
1727977721579 282.2395009994507 17
1727977731623 298.4026000201702 18
1727977741697 315.11880201101303 19
1727977751741 331.5803900063038 20
1727977761780 347.92478400468826 21
1727977771819 364.1890270113945 22
1727977781860 380.61343100667 23
1727977791962 396.7760360240936 24
1727977802051 412.7284770011902 25
1727977812533 428.84503400325775 26
1727977823402 445.7288050055504 27
1727977833917 463.7904440164566 28
1727977844208 479.9246520102024 29
1727977854458 496.6047720015049 30
1727977864502 512.5676680207253 31
1727977874543 528.9154269993305 32
1727977884880 544.3898060023785 33
1727977894923 560.9504220187664 34
1727977904965 577.754320025444 35
1727977915020 593.2264550030231 36
1727977925123 608.708075016737 37
1727977935233 625.6987050175667 38
1727977945551 641.8371179997921 39
1727977955935 658.8903419971466 40
1727977965978 674.4830799996853 41
1727977976072 690.8215980231762 42
1727977986263 707.2196519970894 43
1727977996341 723.9453690052032 44
1727978006394 740.5667890012264 45
1727978016541 756.5855910181999 46
1727978026997 773.4786159992218 47
1727978037228 789.9775120019913 48
1727978047329 805.8284340202808 49
1727978057499 821.1676390171051 50
1727978068101 838.2512450218201 51
1727978078240 854.6026350259781 52
1727978088409 871.6070720255375 53
1727978098671 887.9746640026569 54
1727978108842 904.1728120148182 55
1727978119134 919.5022950172424 56
1727978129325 935.4807470142841 57
1727978139700 953.0500090122223 58
1727978149908 969.2434210181236 59
1727978160171 985.906251013279 60
1727978170513 1002.728747010231 61
1727978181049 1018.8885740041733 62
1727978191317 1036.6989450156689 63
1727978201568 1053.0410550236702 64
1727978212120 1070.346108019352 65
1727978222341 1087.1048290133476 66
1727978232554 1103.4708670079708 67
1727978243095 1121.0690820217133 68
1727978253142 1137.1397010087967 69
1727978263203 1154.0457770228386 70
1727978273249 1169.9716950058937 71
1727978283401 1186.1440699994564 72
1727978293766 1203.1094869971275 73
1727978303829 1219.348716020584 74
1727978313876 1234.442570000887 75
1727978324024 1250.808544009924 76
1727978334101 1267.989621013403 77
1727978344343 1283.907653003931 78
1727978354717 1300.2576210200787 79
1727978364874 1316.392785012722 80
1727978375120 1332.9784550070763 81
1727978385351 1349.224522024393 82
1727978395923 1366.8525930047035 83
1727978407121 1384.4832929968834 84
1727978417220 1402.8544940054417 85
1727978427280 1419.5880010128021 86
1727978437507 1436.4009440243244 87
1727978447649 1453.1233270168304 88
1727978457696 1468.9409080147743 89
1727978468158 1485.7305040061474 90
1727978478717 1503.706463009119 91
1727978489801 1522.0128480196 92
1727978500290 1539.404656022787 93
1727978510662 1556.0906900167465 94
1727978520828 1571.9255920052528 95
1727978530943 1588.1959940195084 96
1727978541014 1604.1795670092106 97
1727978551059 1619.9784879982471 98
1727978561105 1635.7855610251427 99
1727978572108 1652.2024469971657 100
1727978582485 1671.6584930121899 101
1727978592565 1687.7779930233955 102
1727978602971 1704.1748220026493 103
1727978613287 1720.6297470033169 104
1727978623819 1737.8946740031242 105
1727978633886 1754.7504820227623 106
1727978643936 1770.7595390081406 107
1727978654105 1785.714201003313 108
1727978664534 1802.5536450147629 109
1727978674942 1819.2577920258045 110
1727978685470 1836.2387810051441 111
1727978695658 1852.5523030161858 112
1727978705705 1868.3082770109177 113
1727978715756 1884.206041008234 114
1727978725814 1900.8914120197296 115
1727978735861 1917.9399370253086 116
1727978746089 1934.3224129974842 117
1727978756171 1951.2444850206375 118
1727978766237 1967.668681025505 119
1727978776486 1984.2685990035534 120
1727978787231 2001.0762329995632 121
1727978798058 2019.83587500453 122
1727978808105 2035.8214900195599 123
1727978818375 2052.4497760236263 124
1727978828695 2069.6104640066624 125
1727978838871 2086.0247610211372 126
1727978848971 2102.081607013941 127
1727978859019 2118.468888014555 128
1727978869075 2135.5861800014973 129
1727978879127 2152.582411020994 130
1727978889174 2169.3104930222034 131
1727978899470 2185.690427005291 132
1727978909856 2203.073977023363 133
1727978919920 2219.704551011324 134
1727978930003 2236.3998350203037 135
1727978940231 2253.3466449975967 136
1727978950610 2270.46510002017 137
1727978960664 2286.4607970118523 138
1727978971274 2302.276473015547 139
1727978981409 2318.7633000016212 140
1727978991566 2334.3275770246983 141
1727979002250 2350.8346489965916 142
1727979012773 2368.080302000046 143
1727979022946 2385.2216370105743 144
1727979033398 2401.0726200044155 145
1727979043460 2418.1293280124664 146
1727979053523 2434.590584009886 147
1727979063645 2450.440569996834 148
1727979074125 2466.203707009554 149
1727979084829 2484.311278998852 150
1727979094877 2500.4725449979305 151
1727979104924 2516.7965870201588 152
1727979114971 2532.561376005411 153
1727979125140 2548.652951002121 154
1727979135188 2563.8703159987926 155
1727979145406 2579.2566630244255 156
1727979155595 2596.0527390241623 157
1727979166000 2613.528712004423 158
1727979176143 2629.610395014286 159
1727979186252 2646.5108920037746 160
1727979196482 2662.9862039983273 161
1727979206794 2680.390192002058 162
1727979217385 2697.7969320118427 163
1727979227435 2713.8165250122547 164
1727979237715 2729.570699006319 165
1727979248021 2746.962842017412 166
1727979258244 2762.289593011141 167
1727979268292 2778.6928250193596 168
1727979278504 2793.358224004507 169
1727979288864 2809.4957610070705 170
1727979298913 2825.957278996706 171
1727979308964 2842.194066017866 172
1727979319284 2857.91383600235 173
1727979329630 2875.524520009756 174
1727979339774 2892.1408690214157 175
1727979349969 2908.505269020796 176
1727979360050 2925.611190021038 177
1727979370165 2942.2744150161743 178
1727979380574 2959.4010690152645 179
1727979390624 2976.2897090017796 180
1727979400672 2992.394773006439 181
1727979410722 3009.2839490175247 182
1727979420887 3025.7141060233116 183
1727979431252 3043.634796023369 184
1727979441393 3059.260579019785 185
1727979451671 3076.263029009104 186
1727979462043 3093.032537996769 187
1727979472150 3109.50574401021 188
1727979482327 3126.299133002758 189
1727979492447 3142.5551820099354 190
1727979503036 3159.0900039970875 191
1727979513577 3176.6282429993153 192
1727979524115 3193.854844003916 193
1727979534934 3210.963647007942 194
1727979545103 3228.351950019598 195
1727979555155 3245.2193000018597 196
1727979565555 3261.313394010067 197
1727979576389 3279.174768000841 198
1727979586585 3296.052542001009 199
1727979596829 3312.9601820111275 200
1727979606894 3329.268781006336 201
1727979617080 3345.2429870069027 202
1727979627462 3362.623849004507 203
1727979637795 3379.1119100153446 204
1727979647900 3395.41697999835 205
1727979657948 3411.815659016371 206
1727979668098 3428.2159970104694 207
1727979678273 3445.819456011057 208
1727979688484 3462.263520002365 209
1727979698864 3479.1424359977245 210
1727979708913 3494.4434120059013 211
1727979718963 3511.3762650191784 212
1727979729013 3528.05829000473 213
1727979739189 3545.3565280139446 214
1727979749653 3562.9709890186787 215
1727979759714 3579.4312340021133 216
1727979770068 3595.5769680142403 217
1727979780553 3613.3326400220394 218
1727979791071 3630.6999210119247 219
1727979801573 3647.9576430022717 220
1727979811990 3666.0691810250282 221
1727979822040 3682.2550350129604 222
1727979832089 3699.559913009405 223
1727979842140 3716.2557370066643 224
1727979852406 3732.9793380200863 225
1727979862962 3751.016129016876 226
1727979873596 3768.505634009838 227
1727979883732 3785.511653006077 228
1727979893925 3802.0171470046043 229
1727979904077 3816.5453990101814 230
1727979914516 3834.4519490003586 231
1727979924567 3851.2198370099068 232
1727979934709 3868.2097589969635 233
1727979945084 3886.318595021963 234
1727979955218 3903.664488017559 235
1727979965535 3920.983658015728 236
1727979975928 3937.0347070097923 237
1727979986387 3954.756850004196 238
1727979996590 3971.8659330010414 239
1727980006642 3989.2473580241203 240
1727980016695 4005.885621011257 241
1727980026751 4023.2691320180893 242
1727980036804 4040.721606016159 243
1727980046859 4058.2151250243187 244
1727980056914 4075.12374702096 245
1727980066971 4092.3266210258007 246
1727980077023 4109.816552996635 247
1727980087076 4127.237064003944 248
1727980097130 4144.071110010147 249
1727980107189 4161.012606024742 250
1727980117242 4179.073092997074 251
1727980127413 4196.188580006361 252
1727980137790 4214.690788000822 253
1727980147843 4232.679123997688 254
1727980157896 4249.8447080254555 255
1727980168217 4267.221626013517 256
1727980178776 4285.856295019388 257
1727980189006 4303.893658012152 258
1727980199064 4321.448847025633 259
1727980209339 4338.685768008232 260
1727980219753 4356.363959014416 261
1727980229812 4373.7142870128155 262
1727980239878 4390.065499007702 263
1727980249932 4406.4627349972725 264
1727980259981 4422.290955007076 265
1727980270032 4437.8174290061 266
