1727977550642 22333.9 0
1727977560769 28892.2 1
1727977570814 27413.3 2
1727977580857 22391.0 3
1727977590896 23190.5 4
1727977600936 25368.8 5
1727977610975 24075.4 6
1727977621015 24629.6 7
1727977631093 22726.0 8
1727977641133 26760.5 9
1727977651173 25550.8 10
1727977661213 25180.1 11
1727977671261 21652.5 12
1727977681318 22422.2 13
1727977691363 24391.4 14
1727977701415 26858.2 15
1727977711529 24342.0 16
1727977721579 21299.6 17
1727977731623 28979.3 18
1727977741697 24906.6 19
1727977751741 22638.3 20
1727977761780 20829.4 21
1727977771819 25032.5 22
1727977781860 21945.1 23
1727977791962 24887.9 24
1727977802051 20638.2 25
1727977812533 21413.0 26
1727977823402 25982.5 27
1727977833917 23572.1 28
1727977844208 23932.7 29
1727977854458 21084.0 30
1727977864502 26871.6 31
1727977874543 26405.8 32
1727977884880 20917.9 33
1727977894923 21015.0 34
1727977904965 26315.1 35
1727977915020 25458.9 36
1727977925123 20410.6 37
1727977935233 24474.5 38
1727977945551 26736.5 39
1727977955935 24245.4 40
1727977965978 24283.7 41
1727977976072 21082.6 42
1727977986263 22756.9 43
1727977996341 21975.2 44
1727978006394 21970.5 45
1727978016541 22448.8 46
1727978026997 23062.4 47
1727978037228 24264.7 48
1727978047329 28245.9 49
1727978057499 20457.4 50
1727978068101 21194.2 51
1727978078240 22969.4 52
1727978088409 26100.7 53
1727978098671 21682.9 54
1727978108842 21158.6 55
1727978119134 27808.9 56
1727978129325 20837.4 57
1727978139700 27426.3 58
1727978149908 20688.3 59
1727978160171 26032.5 60
1727978170513 20147.4 61
1727978181049 23275.3 62
1727978191317 19872.0 63
1727978201568 21326.0 64
1727978212120 20471.6 65
1727978222341 19886.2 66
1727978232554 22175.3 67
1727978243095 20374.0 68
1727978253142 26245.7 69
1727978263203 19777.5 70
1727978273249 20390.3 71
1727978283401 20283.1 72
1727978293766 23279.8 73
1727978303829 18987.2 74
1727978313876 19399.9 75
1727978324024 21668.6 76
1727978334101 23578.6 77
1727978344343 22016.1 78
1727978354717 18864.2 79
1727978364874 21003.0 80
1727978375120 21961.2 81
1727978385351 18822.6 82
1727978395923 18729.2 83
1727978407121 18947.9 84
1727978417220 18506.7 85
1727978427280 19123.5 86
1727978437507 20845.8 87
1727978447649 18632.9 88
1727978457696 22058.4 89
1727978468158 18716.3 90
1727978478717 20627.7 91
1727978489801 20231.7 92
1727978500290 18703.0 93
1727978510662 18489.2 94
1727978520828 20424.2 95
1727978530943 18720.4 96
1727978541014 18478.9 97
1727978551059 20433.2 98
1727978561105 18836.9 99
1727978572108 18502.1 100
1727978582485 20838.0 101
1727978592565 18716.4 102
1727978602971 18477.8 103
1727978613287 20782.3 104
1727978623819 17830.6 105
1727978633886 17576.7 106
1727978643936 20273.1 107
1727978654105 17848.3 108
1727978664534 17574.8 109
1727978674942 20186.5 110
1727978685470 17847.7 111
1727978695658 17603.1 112
1727978705705 20456.8 113
1727978715756 17921.5 114
1727978725814 17549.4 115
1727978735861 20292.6 116
1727978746089 17911.8 117
1727978756171 17544.2 118
1727978766237 19914.3 119
1727978776486 17785.5 120
1727978787231 17548.8 121
1727978798058 18564.5 122
1727978808105 17848.1 123
1727978818375 17682.5 124
1727978828695 18983.8 125
1727978838871 17856.4 126
1727978848971 17560.9 127
1727978859019 19269.9 128
1727978869075 17798.1 129
1727978879127 17586.7 130
1727978889174 19837.2 131
1727978899470 17784.3 132
1727978909856 17553.3 133
1727978919920 19412.0 134
1727978930003 17792.7 135
1727978940231 17533.3 136
1727978950610 19643.7 137
1727978960664 17797.4 138
1727978971274 17647.9 139
1727978981409 19737.9 140
1727978991566 17806.6 141
1727979002250 17570.9 142
1727979012773 18548.9 143
1727979022946 17853.3 144
1727979033398 17593.5 145
1727979043460 17778.1 146
1727979053523 17850.3 147
1727979063645 17591.3 148
1727979074125 19049.1 149
1727979084829 17881.2 150
1727979094877 17642.3 151
1727979104924 17911.1 152
1727979114971 17983.6 153
1727979125140 17659.4 154
1727979135188 18687.0 155
1727979145406 17890.4 156
1727979155595 17587.1 157
1727979166000 18621.9 158
1727979176143 17850.7 159
1727979186252 17591.5 160
1727979196482 18633.7 161
1727979206794 17847.3 162
1727979217385 17611.9 163
1727979227435 18779.1 164
1727979237715 17868.3 165
1727979248021 17617.4 166
1727979258244 17779.1 167
1727979268292 17900.3 168
1727979278504 17615.6 169
1727979288864 17388.8 170
1727979298913 17891.8 171
1727979308964 17704.8 172
1727979319284 18663.6 173
1727979329630 17867.1 174
1727979339774 17617.9 175
1727979349969 18705.9 176
1727979360050 17856.4 177
1727979370165 17603.6 178
1727979380574 18630.8 179
1727979390624 17950.9 180
1727979400672 17594.4 181
1727979410722 18648.7 182
1727979420887 17919.2 183
1727979431252 17581.2 184
1727979441393 19019.1 185
1727979451671 17821.4 186
1727979462043 17585.1 187
1727979472150 18609.9 188
1727979482327 17823.0 189
1727979492447 17569.0 190
1727979503036 18565.4 191
1727979513577 17848.6 192
1727979524115 17618.6 193
1727979534934 17782.6 194
1727979545103 18320.9 195
1727979555155 17684.7 196
1727979565555 17488.1 197
1727979576389 19203.8 198
1727979586585 17685.5 199
1727979596829 17436.2 200
1727979606894 19235.5 201
1727979617080 17682.4 202
1727979627462 17436.8 203
1727979637795 19247.6 204
1727979647900 17701.9 205
1727979657948 17508.1 206
1727979668098 19362.9 207
1727979678273 17691.9 208
1727979688484 17439.1 209
1727979698864 19380.7 210
1727979708913 17714.9 211
1727979718963 17498.4 212
1727979729013 19328.1 213
1727979739189 17695.2 214
1727979749653 17447.9 215
1727979759714 19367.9 216
1727979770068 17764.0 217
1727979780553 17460.9 218
1727979791071 18851.6 219
1727979801573 17747.7 220
1727979811990 17533.3 221
1727979822040 19791.6 222
1727979832089 17701.5 223
1727979842140 17528.8 224
1727979852406 18577.7 225
1727979862962 17536.9 226
1727979873596 17427.8 227
1727979883732 17325.7 228
1727979893925 17608.3 229
1727979904077 17434.9 230
1727979914516 17322.2 231
1727979924567 17598.3 232
1727979934709 17465.2 233
1727979945084 17338.6 234
1727979955218 17702.6 235
1727979965535 17518.7 236
1727979975928 17398.6 237
1727979986387 17657.7 238
1727979996590 17537.1 239
1727980006642 16479.6 240
1727980016695 16816.1 241
1727980026751 16547.3 242
1727980036804 16548.0 243
1727980046859 16566.2 244
1727980056914 16549.5 245
1727980066971 16536.2 246
1727980077023 16547.7 247
1727980087076 16634.1 248
1727980097130 16597.3 249
1727980107189 16539.8 250
1727980117242 16644.0 251
1727980127413 16629.1 252
1727980137790 16555.5 253
1727980147843 16685.2 254
1727980157896 16624.4 255
1727980168217 16636.9 256
1727980178776 16616.8 257
1727980189006 16616.0 258
1727980199064 15686.4 259
1727980209339 15770.3 260
1727980219753 15691.7 261
1727980229812 15592.9 262
1727980239878 15591.5 263
1727980249932 15591.8 264
1727980259981 15591.2 265
1727980270032 15591.3 266
