1727977550642 4.1 0
1727977560769 5.3 1
1727977570814 5.1 2
1727977580857 4.1 3
1727977590896 4.3 4
1727977600936 4.7 5
1727977610975 4.5 6
1727977621015 4.6 7
1727977631093 4.2 8
1727977641133 5.0 9
1727977651173 4.7 10
1727977661213 4.7 11
1727977671261 4.0 12
1727977681318 4.1 13
1727977691363 4.5 14
1727977701415 5.0 15
1727977711529 4.5 16
1727977721579 3.9 17
1727977731623 5.4 18
1727977741697 4.6 19
1727977751741 4.2 20
1727977761780 3.9 21
1727977771819 4.6 22
1727977781860 4.1 23
1727977791962 4.6 24
1727977802051 3.8 25
1727977812533 4.0 26
1727977823402 4.8 27
1727977833917 4.4 28
1727977844208 4.4 29
1727977854458 3.9 30
1727977864502 5.0 31
1727977874543 4.9 32
1727977884880 3.9 33
1727977894923 3.9 34
1727977904965 4.9 35
1727977915020 4.7 36
1727977925123 3.8 37
1727977935233 4.5 38
1727977945551 4.9 39
1727977955935 4.5 40
1727977965978 4.5 41
1727977976072 3.9 42
1727977986263 4.2 43
1727977996341 4.1 44
1727978006394 4.1 45
1727978016541 4.2 46
1727978026997 4.3 47
1727978037228 4.5 48
1727978047329 5.2 49
1727978057499 3.8 50
1727978068101 3.9 51
1727978078240 4.2 52
1727978088409 4.8 53
1727978098671 4.0 54
1727978108842 3.9 55
1727978119134 5.1 56
1727978129325 3.9 57
1727978139700 5.1 58
1727978149908 3.8 59
1727978160171 4.8 60
1727978170513 3.7 61
1727978181049 4.3 62
1727978191317 3.7 63
1727978201568 3.9 64
1727978212120 3.8 65
1727978222341 3.7 66
1727978232554 4.1 67
1727978243095 3.8 68
1727978253142 4.9 69
1727978263203 3.7 70
1727978273249 3.8 71
1727978283401 3.8 72
1727978293766 4.3 73
1727978303829 3.5 74
1727978313876 3.6 75
1727978324024 4.0 76
1727978334101 4.4 77
1727978344343 4.1 78
1727978354717 3.5 79
1727978364874 3.9 80
1727978375120 4.1 81
1727978385351 3.5 82
1727978395923 3.5 83
1727978407121 3.5 84
1727978417220 3.4 85
1727978427280 3.5 86
1727978437507 3.9 87
1727978447649 3.4 88
1727978457696 4.1 89
1727978468158 3.5 90
1727978478717 3.8 91
1727978489801 3.7 92
1727978500290 3.5 93
1727978510662 3.4 94
1727978520828 3.8 95
1727978530943 3.5 96
1727978541014 3.4 97
1727978551059 3.8 98
1727978561105 3.5 99
1727978572108 3.4 100
1727978582485 3.9 101
1727978592565 3.5 102
1727978602971 3.4 103
1727978613287 3.8 104
1727978623819 3.3 105
1727978633886 3.3 106
1727978643936 3.8 107
1727978654105 3.3 108
1727978664534 3.3 109
1727978674942 3.7 110
1727978685470 3.3 111
1727978695658 3.3 112
1727978705705 3.8 113
1727978715756 3.3 114
1727978725814 3.2 115
1727978735861 3.8 116
1727978746089 3.3 117
1727978756171 3.2 118
1727978766237 3.7 119
1727978776486 3.3 120
1727978787231 3.2 121
1727978798058 3.4 122
1727978808105 3.3 123
1727978818375 3.3 124
1727978828695 3.5 125
1727978838871 3.3 126
1727978848971 3.2 127
1727978859019 3.6 128
1727978869075 3.3 129
1727978879127 3.3 130
1727978889174 3.7 131
1727978899470 3.3 132
1727978909856 3.2 133
1727978919920 3.6 134
1727978930003 3.3 135
1727978940231 3.2 136
1727978950610 3.6 137
1727978960664 3.3 138
1727978971274 3.3 139
1727978981409 3.7 140
1727978991566 3.3 141
1727979002250 3.3 142
1727979012773 3.4 143
1727979022946 3.3 144
1727979033398 3.3 145
1727979043460 3.3 146
1727979053523 3.3 147
1727979063645 3.3 148
1727979074125 3.5 149
1727979084829 3.3 150
1727979094877 3.3 151
1727979104924 3.3 152
1727979114971 3.3 153
1727979125140 3.3 154
1727979135188 3.5 155
1727979145406 3.3 156
1727979155595 3.3 157
1727979166000 3.4 158
1727979176143 3.3 159
1727979186252 3.3 160
1727979196482 3.4 161
1727979206794 3.3 162
1727979217385 3.3 163
1727979227435 3.5 164
1727979237715 3.3 165
1727979248021 3.3 166
1727979258244 3.3 167
1727979268292 3.3 168
1727979278504 3.3 169
1727979288864 3.2 170
1727979298913 3.3 171
1727979308964 3.3 172
1727979319284 3.5 173
1727979329630 3.3 174
1727979339774 3.3 175
1727979349969 3.5 176
1727979360050 3.3 177
1727979370165 3.3 178
1727979380574 3.4 179
1727979390624 3.3 180
1727979400672 3.3 181
1727979410722 3.4 182
1727979420887 3.3 183
1727979431252 3.3 184
1727979441393 3.5 185
1727979451671 3.3 186
1727979462043 3.3 187
1727979472150 3.4 188
1727979482327 3.3 189
1727979492447 3.2 190
1727979503036 3.4 191
1727979513577 3.3 192
1727979524115 3.3 193
1727979534934 3.3 194
1727979545103 3.4 195
1727979555155 3.3 196
1727979565555 3.2 197
1727979576389 3.6 198
1727979586585 3.3 199
1727979596829 3.2 200
1727979606894 3.6 201
1727979617080 3.3 202
1727979627462 3.2 203
1727979637795 3.6 204
1727979647900 3.3 205
1727979657948 3.2 206
1727979668098 3.6 207
1727979678273 3.3 208
1727979688484 3.2 209
1727979698864 3.6 210
1727979708913 3.3 211
1727979718963 3.2 212
1727979729013 3.6 213
1727979739189 3.3 214
1727979749653 3.2 215
1727979759714 3.6 216
1727979770068 3.3 217
1727979780553 3.2 218
1727979791071 3.5 219
1727979801573 3.3 220
1727979811990 3.2 221
1727979822040 3.7 222
1727979832089 3.3 223
1727979842140 3.2 224
1727979852406 3.4 225
1727979862962 3.2 226
1727979873596 3.2 227
1727979883732 3.2 228
1727979893925 3.3 229
1727979904077 3.2 230
1727979914516 3.2 231
1727979924567 3.3 232
1727979934709 3.2 233
1727979945084 3.2 234
1727979955218 3.3 235
1727979965535 3.2 236
1727979975928 3.2 237
1727979986387 3.3 238
1727979996590 3.2 239
1727980006642 3.0 240
1727980016695 3.1 241
1727980026751 3.1 242
1727980036804 3.1 243
1727980046859 3.1 244
1727980056914 3.1 245
1727980066971 3.1 246
1727980077023 3.1 247
1727980087076 3.1 248
1727980097130 3.1 249
1727980107189 3.1 250
1727980117242 3.1 251
1727980127413 3.1 252
1727980137790 3.1 253
1727980147843 3.1 254
1727980157896 3.1 255
1727980168217 3.1 256
1727980178776 3.1 257
1727980189006 3.1 258
1727980199064 2.9 259
1727980209339 2.9 260
1727980219753 2.9 261
1727980229812 2.9 262
1727980239878 2.9 263
1727980249932 2.9 264
1727980259981 2.9 265
1727980270032 2.9 266
