1727971947435 32.8 0
1727971957491 32.9 1
1727971967544 30.5 2
1727971977594 33.7 3
1727971987635 33.9 4
1727971997703 34.4 5
1727972007775 33.6 6
1727972017816 34.0 7
1727972027859 34.6 8
1727972037900 34.1 9
1727972047942 34.4 10
1727972057982 34.3 11
1727972068022 33.4 12
1727972078067 34.0 13
1727972088150 34.6 14
1727972098198 34.5 15
1727972108265 35.4 16
1727972118307 34.5 17
1727972128349 34.9 18
1727972138466 33.4 19
1727972148543 35.1 20
1727972158623 35.2 21
1727972168698 43.3 22
1727972178898 45.6 23
1727972189124 43.7 24
1727972199168 39.6 25
1727972209290 43.9 26
1727972219480 46.1 27
1727972230190 45.7 28
1727972240300 46.4 29
1727972250606 43.0 30
1727972261230 38.5 31
1727972271791 47.2 32
1727972282049 47.6 33
1727972292436 47.9 34
1727972302651 43.2 35
1727972312693 46.9 36
1727972322737 42.9 37
1727972332784 41.5 38
1727972342831 46.1 39
1727972353107 48.3 40
1727972363273 47.5 41
1727972373793 43.7 42
1727972384235 46.5 43
1727972394614 40.9 44
1727972404732 47.6 45
1727972414807 41.4 46
1727972424867 48.6 47
1727972435181 43.0 48
1727972445646 45.6 49
1727972455918 39.5 50
1727972466053 42.4 51
1727972476419 43.5 52
1727972486467 47.8 53
1727972496601 42.4 54
1727972506956 45.2 55
1727972517001 40.2 56
1727972527044 42.5 57
1727972537882 42.8 58
1727972548268 41.1 59
1727972558313 39.0 60
1727972568369 37.7 61
1727972578411 38.2 62
1727972588676 41.8 63
1727972599407 39.0 64
1727972609770 47.5 65
1727972620162 43.4 66
1727972630621 38.0 67
1727972640720 44.0 68
1727972650920 35.6 69
1727972661664 47.8 70
1727972671723 42.4 71
1727972682162 42.7 72
1727972692243 45.6 73
1727972702662 41.9 74
1727972713046 39.5 75
1727972723476 42.4 76
1727972733521 46.7 77
1727972743680 41.6 78
1727972754045 39.9 79
1727972764089 43.2 80
1727972774223 39.7 81
1727972784641 41.2 82
1727972794688 45.4 83
1727972805004 39.7 84
1727972815184 39.2 85
1727972825304 46.2 86
1727972835416 44.0 87
1727972845462 37.8 88
1727972855671 36.0 89
1727972865770 48.2 90
1727972875824 37.2 91
1727972885960 37.6 92
1727972896493 38.7 93
1727972906694 32.8 94
1727972917072 41.8 95
1727972927116 41.5 96
1727972937158 40.8 97
1727972947201 36.9 98
1727972957252 34.5 99
1727972967307 34.5 100
1727972977352 44.7 101
1727972987397 40.4 102
1727972997443 41.5 103
1727973007750 35.6 104
1727973018143 42.0 105
1727973028192 34.0 106
1727973038373 40.1 107
1727973048443 38.8 108
1727973058696 38.2 109
1727973068873 41.5 110
1727973078920 46.7 111
1727973088988 34.6 112
1727973099097 33.8 113
1727973109420 55.0 114
1727973119476 52.5 115
1727973129530 53.6 116
1727973139578 55.6 117
1727973149627 51.5 118
1727973159678 49.9 119
1727973169725 55.1 120
1727973179780 58.0 121
1727973189839 53.7 122
1727973199888 56.9 123
1727973209948 51.3 124
1727973220000 52.5 125
1727973230051 54.8 126
1727973240101 58.5 127
1727973250150 54.1 128
1727973260203 54.1 129
1727973270252 59.5 130
1727973280307 48.4 131
1727973290361 58.8 132
1727973300440 54.4 133
1727973310675 61.4 134
1727973321094 61.1 135
1727973331255 56.9 136
1727973341409 49.0 137
1727973351470 59.0 138
1727973361521 62.0 139
1727973371573 60.2 140
1727973381625 58.5 141
1727973391680 55.7 142
1727973401733 50.1 143
1727973411789 57.1 144
1727973421987 57.2 145
1727973432252 62.0 146
1727973442311 55.6 147
1727973452363 58.6 148
1727973462518 50.8 149
1727973473074 52.8 150
1727973483629 55.0 151
1727973493682 56.9 152
1727973503783 55.2 153
1727973514003 54.8 154
1727973524059 54.3 155
1727973534123 57.8 156
1727973544185 57.2 157
1727973554393 57.3 158
1727973564852 59.5 159
1727973574906 57.4 160
1727973584963 55.7 161
1727973595160 54.8 162
1727973605225 58.3 163
1727973615283 59.5 164
1727973625347 57.0 165
1727973635411 53.8 166
1727973645509 59.7 167
1727973655604 52.1 168
1727973665712 56.1 169
1727973675771 55.6 170
1727973685833 60.1 171
1727973695973 57.1 172
1727973706034 58.5 173
1727973716088 52.9 174
1727973726147 57.4 175
1727973736203 57.9 176
1727973746259 59.2 177
1727973756317 53.9 178
1727973766434 54.1 179
1727973776488 58.7 180
1727973786544 47.4 181
1727973796598 58.6 182
1727973806653 53.1 183
1727973816710 58.3 184
1727973826775 55.4 185
1727973836965 53.8 186
1727973847029 53.5 187
1727973857087 51.5 188
1727973867156 54.1 189
1727973877214 54.0 190
1727973887270 56.9 191
1727973897325 56.3 192
1727973907383 53.9 193
1727973917447 55.3 194
1727973927658 56.3 195
1727973937725 61.9 196
1727973947792 54.8 197
1727973957850 56.5 198
1727973967907 53.6 199
1727973977964 50.9 200
1727973988023 56.4 201
1727973998086 58.6 202
1727974008275 61.5 203
1727974018656 56.1 204
1727974028715 60.9 205
1727974038865 52.9 206
1727974049227 53.4 207
1727974059286 53.9 208
1727974069414 58.6 209
1727974079519 58.2 210
1727974089580 60.7 211
1727974099635 52.8 212
1727974109691 50.6 213
1727974119992 58.6 214
1727974130417 55.8 215
1727974140724 55.8 216
1727974150782 61.1 217
1727974160840 50.3 218
1727974170906 50.3 219
1727974181075 54.9 220
1727974191585 59.9 221
1727974201979 60.9 222
1727974212070 57.7 223
1727974222169 56.7 224
1727974232233 57.5 225
1727974242421 56.9 226
1727974252480 60.2 227
1727974262679 56.5 228
1727974272764 56.5 229
1727974282823 56.7 230
1727974292881 53.1 231
1727974302967 51.2 232
1727974313023 52.6 233
1727974323465 58.3 234
1727974333959 53.8 235
1727974344266 51.5 236
1727974354493 56.2 237
1727974364959 50.4 238
1727974375387 52.3 239
1727974385445 52.2 240
1727974395507 53.2 241
1727974405569 54.1 242
1727974415626 49.4 243
1727974425729 51.9 244
1727974435786 51.5 245
1727974445845 51.5 246
1727974455902 54.0 247
1727974465960 51.7 248
1727974476019 51.6 249
1727974486074 59.2 250
1727974496267 49.5 251
1727974506587 55.2 252
1727974516979 51.8 253
1727974527037 54.2 254
1727974537092 52.7 255
1727974547346 48.6 256
1727974557723 50.5 257
1727974567780 49.4 258
1727974577839 55.4 259
1727974588005 49.1 260
1727974598375 54.0 261
1727974608545 47.9 262
1727974618746 55.5 263
1727974628801 53.0 264
1727974638956 49.0 265
1727974649343 53.7 266
1727974659398 48.9 267
1727974669460 50.7 268
1727974679679 45.6 269
1727974689830 50.8 270
1727974699889 51.3 271
1727974710118 50.9 272
1727974720211 51.9 273
1727974730266 45.4 274
1727974740422 48.4 275
1727974750898 50.2 276
1727974761319 53.1 277
1727974771381 50.2 278
1727974781589 50.2 279
1727974792123 50.7 280
1727974802531 45.4 281
1727974812585 43.5 282
1727974822655 44.9 283
1727974832902 46.7 284
1727974843299 46.6 285
1727974853357 48.8 286
1727974863506 41.2 287
1727974874125 41.9 288
1727974884183 43.5 289
1727974894414 42.7 290
1727974904601 46.0 291
1727974914658 49.6 292
1727974924914 45.5 293
1727974935355 38.5 294
1727974945546 45.1 295
1727974955640 43.4 296
1727974965728 47.4 297
1727974975786 44.5 298
1727974985853 40.0 299
1727974996042 37.1 300
1727975006443 43.7 301
1727975016498 40.6 302
1727975026866 41.2 303
1727975037224 40.2 304
1727975047279 41.8 305
1727975057335 43.2 306
1727975067528 35.0 307
1727975077634 42.6 308
1727975087688 44.2 309
1727975097989 43.4 310
1727975108064 37.7 311
1727975118121 40.5 312
1727975128176 40.6 313
1727975138327 34.5 314
1727975148804 43.0 315
1727975159244 44.1 316
1727975169303 39.9 317
1727975179360 40.7 318
1727975189418 41.8 319
1727975199499 42.5 320
1727975209557 43.9 321
1727975219614 42.4 322
1727975229672 45.0 323
1727975239727 38.4 324
1727975249788 40.9 325
1727975259891 35.7 326
1727975270007 41.9 327
1727975280082 41.0 328
1727975290141 36.6 329
1727975300300 43.5 330
1727975310643 40.0 331
1727975320761 40.2 332
1727975330821 37.0 333
1727975340877 39.9 334
1727975350934 36.2 335
1727975361005 38.7 336
1727975371063 38.1 337
1727975381122 40.3 338
1727975391184 39.6 339
1727975401240 38.9 340
1727975411414 39.1 341
1727975422043 39.9 342
1727975432461 43.0 343
1727975442620 34.5 344
1727975452703 42.2 345
1727975463039 41.9 346
1727975473614 37.0 347
1727975483912 43.2 348
1727975493978 38.9 349
1727975504035 38.3 350
1727975514099 39.1 351
1727975524258 37.5 352
1727975534403 39.9 353
1727975544534 38.2 354
1727975554641 39.4 355
1727975564699 41.7 356
1727975574759 35.6 357
1727975584895 35.2 358
1727975595454 41.2 359
1727975605781 42.8 360
1727975615944 40.4 361
1727975626545 35.4 362
1727975636605 40.6 363
1727975646664 33.1 364
1727975656882 38.4 365
1727975667298 37.9 366
1727975677393 41.1 367
1727975687454 39.6 368
1727975697516 35.9 369
1727975707676 37.0 370
1727975718108 38.8 371
1727975728164 38.0 372
1727975738223 38.9 373
1727975748281 38.8 374
1727975758340 32.4 375
1727975768403 37.5 376
1727975778463 34.4 377
1727975788522 38.7 378
1727975798580 38.5 379
1727975809172 36.0 380
1727975819512 38.4 381
1727975829660 34.0 382
1727975839735 34.5 383
1727975849793 39.0 384
1727975859960 33.3 385
1727975870495 38.4 386
1727975880560 41.7 387
1727975890620 33.8 388
1727975900684 37.9 389
1727975910742 38.9 390
1727975920810 33.3 391
1727975930871 37.2 392
1727975941180 35.2 393
1727975951546 34.4 394
1727975961607 36.4 395
1727975971692 33.5 396
1727975981929 37.3 397
1727975992991 40.5 398
1727976003121 42.4 399
1727976013190 33.3 400
1727976023255 32.5 401
1727976033469 34.2 402
1727976043944 38.7 403
1727976054100 40.4 404
1727976064415 41.4 405
1727976074476 38.4 406
1727976084634 38.3 407
1727976094713 33.7 408
1727976104772 39.2 409
1727976114835 34.3 410
1727976124896 40.0 411
1727976134956 39.8 412
1727976145065 42.3 413
1727976155366 33.5 414
1727976166180 40.2 415
1727976176650 39.4 416
1727976186712 43.8 417
1727976196771 40.2 418
1727976207261 40.9 419
1727976217640 35.6 420
1727976227700 39.6 421
1727976237762 41.2 422
1727976247828 40.4 423
1727976258017 41.9 424
1727976268530 36.5 425
1727976278919 35.3 426
1727976288981 38.9 427
1727976299043 34.8 428
1727976309401 38.1 429
1727976319577 38.5 430
1727976329872 37.0 431
1727976339932 33.9 432
1727976349996 38.4 433
1727976360066 37.1 434
1727976370185 40.1 435
1727976380486 39.0 436
1727976391261 39.6 437
1727976401693 40.0 438
1727976411818 35.1 439
1727976421879 35.5 440
1727976431942 34.3 441
1727976442010 38.1 442
1727976452114 38.7 443
1727976462189 37.6 444
1727976472269 35.2 445
1727976482333 34.9 446
1727976492396 43.0 447
1727976502460 39.7 448
1727976512527 37.8 449
1727976522691 34.3 450
1727976532992 38.5 451
1727976543121 33.8 452
1727976553491 39.3 453
1727976563553 38.2 454
1727976573629 34.5 455
1727976583702 37.9 456
1727976593767 39.9 457
1727976603829 35.3 458
1727976614013 41.2 459
1727976624241 42.2 460
1727976634755 39.9 461
1727976645137 39.7 462
1727976655515 39.1 463
1727976665576 36.7 464
1727976675640 39.9 465
1727976685711 35.3 466
1727976695779 42.2 467
1727976705840 37.8 468
1727976716155 34.4 469
1727976726561 37.6 470
1727976736630 38.3 471
1727976746704 37.9 472
1727976756790 38.8 473
1727976766960 34.2 474
1727976777039 40.0 475
1727976787101 38.8 476
1727976797255 37.3 477
1727976807447 37.2 478
1727976817721 39.5 479
1727976828278 38.9 480
1727976838774 37.1 481
1727976848980 40.5 482
1727976859480 37.3 483
1727976869880 31.2 484
1727976879998 39.4 485
1727976890123 38.2 486
1727976900185 33.6 487
1727976910249 33.5 488
1727976920519 38.2 489
1727976930582 40.2 490
1727976940640 28.5 491
1727976950908 26.9 492
1727976961311 39.0 493
1727976972018 28.4 494
1727976982544 44.9 495
1727976993069 34.2 496
1727977003460 33.0 497
1727977013518 33.7 498
1727977023580 27.1 499
1727977033644 35.8 500
1727977043709 36.1 501
1727977053773 35.0 502
1727977063836 37.5 503
1727977073901 36.4 504
1727977083972 36.1 505
1727977094039 40.1 506
1727977104162 35.6 507
1727977114233 41.4 508
1727977124299 37.5 509
1727977134566 42.8 510
1727977144974 36.7 511
1727977155038 36.2 512
1727977165104 40.8 513
1727977175320 42.8 514
1727977185411 40.6 515
1727977195477 33.9 516
1727977205717 34.0 517
1727977216073 39.5 518
1727977226415 36.8 519
1727977236811 38.2 520
1727977246875 38.9 521
1727977256945 33.1 522
1727977267141 42.7 523
1727977277557 35.1 524
1727977287680 34.0 525
1727977298150 37.8 526
1727977308545 39.8 527
1727977318626 34.7 528
1727977328691 35.5 529
1727977338763 35.4 530
1727977348826 34.2 531
1727977359006 41.6 532
1727977369242 42.6 533
1727977379665 37.4 534
1727977389844 38.1 535
1727977399918 37.3 536
1727977409981 36.4 537
1727977420050 40.5 538
1727977430115 36.7 539
1727977440277 34.1 540
1727977450771 37.9 541
1727977461303 37.7 542
1727977471506 35.1 543
1727977482051 45.7 544
1727977492288 36.6 545
1727977502356 39.4 546
1727977512420 42.2 547
