1727971947435 10.5 0
1727971957491 10.5 1
1727971967544 10.5 2
1727971977594 10.5 3
1727971987635 10.5 4
1727971997703 10.5 5
1727972007775 10.5 6
1727972017816 10.5 7
1727972027859 10.5 8
1727972037900 10.5 9
1727972047942 10.5 10
1727972057982 10.5 11
1727972068022 10.5 12
1727972078067 10.5 13
1727972088150 10.5 14
1727972098198 10.5 15
1727972108265 10.5 16
1727972118307 10.5 17
1727972128349 10.5 18
1727972138466 10.5 19
1727972148543 10.5 20
1727972158623 10.5 21
1727972168698 10.5 22
1727972178898 10.5 23
1727972189124 10.5 24
1727972199168 10.5 25
1727972209290 10.5 26
1727972219480 10.5 27
1727972230190 10.5 28
1727972240300 10.5 29
1727972250606 10.5 30
1727972261230 10.5 31
1727972271791 10.5 32
1727972282049 10.5 33
1727972292436 10.5 34
1727972302651 10.5 35
1727972312693 10.5 36
1727972322737 10.5 37
1727972332784 10.5 38
1727972342831 10.5 39
1727972353107 10.5 40
1727972363273 10.5 41
1727972373793 10.5 42
1727972384235 10.5 43
1727972394614 10.5 44
1727972404732 10.5 45
1727972414807 10.5 46
1727972424867 10.5 47
1727972435181 10.5 48
1727972445646 10.5 49
1727972455918 10.5 50
1727972466053 10.5 51
1727972476419 10.5 52
1727972486467 10.5 53
1727972496601 10.5 54
1727972506956 10.5 55
1727972517001 10.5 56
1727972527044 10.5 57
1727972537882 10.5 58
1727972548268 10.5 59
1727972558313 10.5 60
1727972568369 10.5 61
1727972578411 10.5 62
1727972588676 10.5 63
1727972599407 10.5 64
1727972609770 10.5 65
1727972620162 10.5 66
1727972630621 10.5 67
1727972640720 10.5 68
1727972650920 10.5 69
1727972661664 10.5 70
1727972671723 10.5 71
1727972682162 10.5 72
1727972692243 10.5 73
1727972702662 10.5 74
1727972713046 10.5 75
1727972723476 10.5 76
1727972733521 10.5 77
1727972743680 10.5 78
1727972754045 10.5 79
1727972764089 10.5 80
1727972774223 10.5 81
1727972784641 10.5 82
1727972794688 10.5 83
1727972805004 10.5 84
1727972815184 10.5 85
1727972825304 10.5 86
1727972835416 10.5 87
1727972845462 10.5 88
1727972855671 10.5 89
1727972865770 10.5 90
1727972875824 10.5 91
1727972885960 10.5 92
1727972896493 10.5 93
1727972906694 10.5 94
1727972917072 10.5 95
1727972927116 10.5 96
1727972937158 10.5 97
1727972947201 10.5 98
1727972957252 10.5 99
1727972967307 10.5 100
1727972977352 10.5 101
1727972987397 10.5 102
1727972997443 10.5 103
1727973007750 10.5 104
1727973018143 10.5 105
1727973028192 10.5 106
1727973038373 10.5 107
1727973048443 10.5 108
1727973058696 10.5 109
1727973068873 10.5 110
1727973078920 10.5 111
1727973088988 10.5 112
1727973099097 10.5 113
1727973109420 10.5 114
1727973119476 10.5 115
1727973129530 10.5 116
1727973139578 10.5 117
1727973149627 10.5 118
1727973159678 10.5 119
1727973169725 10.5 120
1727973179780 10.5 121
1727973189839 10.5 122
1727973199888 10.5 123
1727973209948 10.5 124
1727973220000 10.5 125
1727973230051 10.5 126
1727973240101 10.5 127
1727973250150 10.5 128
1727973260203 10.5 129
1727973270252 10.5 130
1727973280307 10.5 131
1727973290361 10.5 132
1727973300440 10.5 133
1727973310675 10.5 134
1727973321094 10.5 135
1727973331255 10.5 136
1727973341409 10.5 137
1727973351470 10.5 138
1727973361521 10.5 139
1727973371573 10.5 140
1727973381625 10.5 141
1727973391680 10.5 142
1727973401733 10.5 143
1727973411789 10.5 144
1727973421987 10.5 145
1727973432252 10.5 146
1727973442311 10.5 147
1727973452363 10.5 148
1727973462518 10.5 149
1727973473074 10.5 150
1727973483629 10.5 151
1727973493682 10.5 152
1727973503783 10.5 153
1727973514003 10.5 154
1727973524059 10.5 155
1727973534123 10.5 156
1727973544185 10.5 157
1727973554393 10.5 158
1727973564852 10.5 159
1727973574906 10.5 160
1727973584963 10.5 161
1727973595160 10.5 162
1727973605225 10.5 163
1727973615283 10.5 164
1727973625347 10.5 165
1727973635411 10.5 166
1727973645509 10.5 167
1727973655604 10.5 168
1727973665712 10.5 169
1727973675771 10.5 170
1727973685833 10.5 171
1727973695973 10.5 172
1727973706034 10.5 173
1727973716088 10.5 174
1727973726147 10.5 175
1727973736203 10.5 176
1727973746259 10.5 177
1727973756317 10.5 178
1727973766434 10.5 179
1727973776488 10.5 180
1727973786544 10.5 181
1727973796598 10.5 182
1727973806653 10.5 183
1727973816710 10.5 184
1727973826775 10.5 185
1727973836965 10.5 186
1727973847029 10.5 187
1727973857087 10.5 188
1727973867156 10.5 189
1727973877214 10.5 190
1727973887270 10.5 191
1727973897325 10.5 192
1727973907383 10.5 193
1727973917447 10.5 194
1727973927658 10.5 195
1727973937725 10.5 196
1727973947792 10.5 197
1727973957850 10.5 198
1727973967907 10.5 199
1727973977964 10.5 200
1727973988023 10.5 201
1727973998086 10.5 202
1727974008275 10.5 203
1727974018656 10.5 204
1727974028715 10.5 205
1727974038865 10.5 206
1727974049227 10.5 207
1727974059286 10.5 208
1727974069414 10.5 209
1727974079519 10.5 210
1727974089580 10.5 211
1727974099635 10.5 212
1727974109691 10.5 213
1727974119992 10.5 214
1727974130417 10.5 215
1727974140724 10.5 216
1727974150782 10.5 217
1727974160840 10.5 218
1727974170906 10.5 219
1727974181075 10.5 220
1727974191585 10.5 221
1727974201979 10.5 222
1727974212070 10.5 223
1727974222169 10.5 224
1727974232233 10.5 225
1727974242421 10.5 226
1727974252480 10.5 227
1727974262679 10.5 228
1727974272764 10.5 229
1727974282823 10.5 230
1727974292881 10.5 231
1727974302967 10.5 232
1727974313023 10.5 233
1727974323465 10.5 234
1727974333959 10.5 235
1727974344266 10.5 236
1727974354493 10.5 237
1727974364959 10.5 238
1727974375387 10.5 239
1727974385445 10.5 240
1727974395507 10.5 241
1727974405569 10.5 242
1727974415626 10.5 243
1727974425729 10.5 244
1727974435786 10.5 245
1727974445845 10.5 246
1727974455902 10.5 247
1727974465960 10.5 248
1727974476019 10.5 249
1727974486074 10.5 250
1727974496267 10.5 251
1727974506587 10.5 252
1727974516979 10.5 253
1727974527037 10.5 254
1727974537092 10.5 255
1727974547346 10.5 256
1727974557723 10.5 257
1727974567780 10.5 258
1727974577839 10.5 259
1727974588005 10.5 260
1727974598375 10.5 261
1727974608545 10.5 262
1727974618746 10.5 263
1727974628801 10.5 264
1727974638956 10.5 265
1727974649343 10.5 266
1727974659398 10.5 267
1727974669460 10.5 268
1727974679679 10.5 269
1727974689830 10.5 270
1727974699889 10.5 271
1727974710118 10.5 272
1727974720211 10.5 273
1727974730266 10.5 274
1727974740422 10.5 275
1727974750898 10.5 276
1727974761319 10.5 277
1727974771381 10.5 278
1727974781589 10.5 279
1727974792123 10.5 280
1727974802531 10.5 281
1727974812585 10.5 282
1727974822655 10.5 283
1727974832902 10.5 284
1727974843299 10.5 285
1727974853357 10.5 286
1727974863506 10.5 287
1727974874125 10.5 288
1727974884183 10.5 289
1727974894414 10.5 290
1727974904601 10.5 291
1727974914658 10.5 292
1727974924914 10.5 293
1727974935355 10.5 294
1727974945546 10.5 295
1727974955640 10.5 296
1727974965728 10.5 297
1727974975786 10.5 298
1727974985853 10.5 299
1727974996042 10.5 300
1727975006443 10.5 301
1727975016498 10.5 302
1727975026866 10.5 303
1727975037224 10.5 304
1727975047279 10.5 305
1727975057335 10.5 306
1727975067528 10.5 307
1727975077634 10.5 308
1727975087688 10.5 309
1727975097989 10.5 310
1727975108064 10.5 311
1727975118121 10.5 312
1727975128176 10.5 313
1727975138327 10.5 314
1727975148804 10.5 315
1727975159244 10.5 316
1727975169303 10.5 317
1727975179360 10.5 318
1727975189418 10.5 319
1727975199499 10.5 320
1727975209557 10.5 321
1727975219614 10.5 322
1727975229672 10.5 323
1727975239727 10.5 324
1727975249788 10.5 325
1727975259891 10.5 326
1727975270007 10.5 327
1727975280082 10.5 328
1727975290141 10.5 329
1727975300300 10.5 330
1727975310643 10.5 331
1727975320761 10.5 332
1727975330821 10.5 333
1727975340877 10.5 334
1727975350934 10.5 335
1727975361005 10.5 336
1727975371063 10.5 337
1727975381122 10.5 338
1727975391184 10.5 339
1727975401240 10.5 340
1727975411414 10.5 341
1727975422043 10.5 342
1727975432461 10.5 343
1727975442620 10.5 344
1727975452703 10.5 345
1727975463039 10.5 346
1727975473614 10.5 347
1727975483912 10.5 348
1727975493978 10.5 349
1727975504035 10.5 350
1727975514099 10.5 351
1727975524258 10.5 352
1727975534403 10.5 353
1727975544534 10.5 354
1727975554641 10.5 355
1727975564699 10.5 356
1727975574759 10.5 357
1727975584895 10.5 358
1727975595454 10.5 359
1727975605781 10.5 360
1727975615944 10.5 361
1727975626545 10.5 362
1727975636605 10.5 363
1727975646664 10.5 364
1727975656882 10.5 365
1727975667298 10.5 366
1727975677393 10.5 367
1727975687454 10.5 368
1727975697516 10.5 369
1727975707676 10.5 370
1727975718108 10.5 371
1727975728164 10.5 372
1727975738223 10.5 373
1727975748281 10.5 374
1727975758340 10.5 375
1727975768403 10.5 376
1727975778463 10.5 377
1727975788522 10.5 378
1727975798580 10.5 379
1727975809172 10.5 380
1727975819512 10.5 381
1727975829660 10.5 382
1727975839735 10.5 383
1727975849793 10.5 384
1727975859960 10.5 385
1727975870495 10.5 386
1727975880560 10.5 387
1727975890620 10.5 388
1727975900684 10.5 389
1727975910742 10.5 390
1727975920810 10.5 391
1727975930871 10.5 392
1727975941180 10.5 393
1727975951546 10.5 394
1727975961607 10.5 395
1727975971692 10.5 396
1727975981929 10.5 397
1727975992991 10.5 398
1727976003121 10.5 399
1727976013190 10.5 400
1727976023255 10.5 401
1727976033469 10.5 402
1727976043944 10.5 403
1727976054100 10.5 404
1727976064415 10.5 405
1727976074476 10.5 406
1727976084634 10.5 407
1727976094713 10.5 408
1727976104772 10.5 409
1727976114835 10.5 410
1727976124896 10.5 411
1727976134956 10.5 412
1727976145065 10.5 413
1727976155366 10.5 414
1727976166180 10.5 415
1727976176650 10.5 416
1727976186712 10.5 417
1727976196771 10.5 418
1727976207261 10.5 419
1727976217640 10.5 420
1727976227700 10.5 421
1727976237762 10.5 422
1727976247828 10.5 423
1727976258017 10.5 424
1727976268530 10.5 425
1727976278919 10.5 426
1727976288981 10.5 427
1727976299043 10.5 428
1727976309401 10.5 429
1727976319577 10.5 430
1727976329872 10.5 431
1727976339932 10.5 432
1727976349996 10.5 433
1727976360066 10.5 434
1727976370185 10.5 435
1727976380486 10.5 436
1727976391261 10.5 437
1727976401693 10.5 438
1727976411818 10.5 439
1727976421879 10.5 440
1727976431942 10.5 441
1727976442010 10.5 442
1727976452114 10.5 443
1727976462189 10.5 444
1727976472269 10.5 445
1727976482333 10.5 446
1727976492396 10.5 447
1727976502460 10.5 448
1727976512527 10.5 449
1727976522691 10.5 450
1727976532992 10.5 451
1727976543121 10.5 452
1727976553491 10.5 453
1727976563553 10.5 454
1727976573629 10.5 455
1727976583702 10.5 456
1727976593767 10.5 457
1727976603829 10.5 458
1727976614013 10.5 459
1727976624241 10.5 460
1727976634755 10.5 461
1727976645137 10.5 462
1727976655515 10.5 463
1727976665576 10.5 464
1727976675640 10.5 465
1727976685711 10.5 466
1727976695779 10.5 467
1727976705840 10.5 468
1727976716155 10.5 469
1727976726561 10.5 470
1727976736630 10.5 471
1727976746704 10.5 472
1727976756790 10.5 473
1727976766960 10.5 474
1727976777039 10.5 475
1727976787101 10.5 476
1727976797255 10.5 477
1727976807447 10.5 478
1727976817721 10.5 479
1727976828278 10.5 480
1727976838774 10.5 481
1727976848980 10.5 482
1727976859480 10.5 483
1727976869880 10.5 484
1727976879998 10.5 485
1727976890123 10.5 486
1727976900185 10.5 487
1727976910249 10.5 488
1727976920519 10.5 489
1727976930582 10.5 490
1727976940640 10.5 491
1727976950908 10.5 492
1727976961311 10.5 493
1727976972018 10.5 494
1727976982544 10.5 495
1727976993069 10.5 496
1727977003460 10.5 497
1727977013518 10.5 498
1727977023580 10.5 499
1727977033644 10.5 500
1727977043709 10.5 501
1727977053773 10.5 502
1727977063836 10.5 503
1727977073901 10.5 504
1727977083972 10.5 505
1727977094039 10.5 506
1727977104162 10.5 507
1727977114233 10.5 508
1727977124299 10.5 509
1727977134566 10.5 510
1727977144974 10.5 511
1727977155038 10.5 512
1727977165104 10.5 513
1727977175320 10.5 514
1727977185411 10.5 515
1727977195477 10.5 516
1727977205717 10.5 517
1727977216073 10.5 518
1727977226415 10.5 519
1727977236811 10.5 520
1727977246875 10.5 521
1727977256945 10.5 522
1727977267141 10.5 523
1727977277557 10.5 524
1727977287680 10.5 525
1727977298150 10.5 526
1727977308545 10.5 527
1727977318626 10.5 528
1727977328691 10.5 529
1727977338763 10.5 530
1727977348826 10.5 531
1727977359006 10.5 532
1727977369242 10.5 533
1727977379665 10.5 534
1727977389844 10.5 535
1727977399918 10.5 536
1727977409981 10.5 537
1727977420050 10.5 538
1727977430115 10.5 539
1727977440277 10.5 540
1727977450771 10.5 541
1727977461303 10.5 542
1727977471506 10.5 543
1727977482051 10.5 544
1727977492288 10.5 545
1727977502356 10.5 546
1727977512420 10.5 547
