1727971947435 22515.2 0
1727971957491 22515.2 1
1727971967544 22515.2 2
1727971977594 22515.2 3
1727971987635 22515.2 4
1727971997703 22515.2 5
1727972007775 22515.2 6
1727972017816 22515.2 7
1727972027859 22515.2 8
1727972037900 22515.2 9
1727972047942 22515.2 10
1727972057982 22515.2 11
1727972068022 22515.2 12
1727972078067 22515.2 13
1727972088150 22515.2 14
1727972098198 22515.2 15
1727972108265 22515.2 16
1727972118307 22515.2 17
1727972128349 22515.2 18
1727972138466 22515.2 19
1727972148543 22515.2 20
1727972158623 22515.2 21
1727972168698 22515.2 22
1727972178898 22515.2 23
1727972189124 22515.2 24
1727972199168 22515.2 25
1727972209290 22515.2 26
1727972219480 22515.2 27
1727972230190 22515.2 28
1727972240300 22515.2 29
1727972250606 22515.2 30
1727972261230 22515.2 31
1727972271791 22515.2 32
1727972282049 22515.2 33
1727972292436 22515.2 34
1727972302651 22515.2 35
1727972312693 22515.2 36
1727972322737 22515.2 37
1727972332784 22515.2 38
1727972342831 22515.2 39
1727972353107 22515.2 40
1727972363273 22515.2 41
1727972373793 22515.2 42
1727972384235 22515.2 43
1727972394614 22515.2 44
1727972404732 22515.2 45
1727972414807 22515.2 46
1727972424867 22515.2 47
1727972435181 22515.2 48
1727972445646 22515.2 49
1727972455918 22515.2 50
1727972466053 22515.2 51
1727972476419 22515.2 52
1727972486467 22515.2 53
1727972496601 22515.2 54
1727972506956 22515.2 55
1727972517001 22515.2 56
1727972527044 22515.2 57
1727972537882 22515.2 58
1727972548268 22515.2 59
1727972558313 22515.2 60
1727972568369 22515.2 61
1727972578411 22515.2 62
1727972588676 22515.2 63
1727972599407 22515.2 64
1727972609770 22515.2 65
1727972620162 22515.2 66
1727972630621 22515.2 67
1727972640720 22515.2 68
1727972650920 22515.2 69
1727972661664 22515.2 70
1727972671723 22515.2 71
1727972682162 22515.2 72
1727972692243 22515.2 73
1727972702662 22515.2 74
1727972713046 22515.2 75
1727972723476 22515.2 76
1727972733521 22515.2 77
1727972743680 22515.2 78
1727972754045 22515.2 79
1727972764089 22515.2 80
1727972774223 22515.2 81
1727972784641 22515.2 82
1727972794688 22515.2 83
1727972805004 22515.2 84
1727972815184 22515.2 85
1727972825304 22515.2 86
1727972835416 22515.2 87
1727972845462 22515.2 88
1727972855671 22515.2 89
1727972865770 22515.2 90
1727972875824 22515.2 91
1727972885960 22515.2 92
1727972896493 22515.2 93
1727972906694 22515.2 94
1727972917072 22515.2 95
1727972927116 22515.2 96
1727972937158 22515.2 97
1727972947201 22515.2 98
1727972957252 22515.2 99
1727972967307 22515.2 100
1727972977352 22515.2 101
1727972987397 22515.2 102
1727972997443 22515.2 103
1727973007750 22515.2 104
1727973018143 22515.2 105
1727973028192 22515.2 106
1727973038373 22515.2 107
1727973048443 22515.2 108
1727973058696 22515.2 109
1727973068873 22515.2 110
1727973078920 22515.6 111
1727973088988 22515.6 112
1727973099097 22515.6 113
1727973109420 22515.6 114
1727973119476 22515.6 115
1727973129530 22515.6 116
1727973139578 22515.6 117
1727973149627 22515.6 118
1727973159678 22515.6 119
1727973169725 22515.6 120
1727973179780 22515.6 121
1727973189839 22515.6 122
1727973199888 22515.6 123
1727973209948 22515.6 124
1727973220000 22515.6 125
1727973230051 22515.6 126
1727973240101 22515.6 127
1727973250150 22515.6 128
1727973260203 22515.6 129
1727973270252 22515.6 130
1727973280307 22515.6 131
1727973290361 22515.6 132
1727973300440 22515.6 133
1727973310675 22515.6 134
1727973321094 22515.6 135
1727973331255 22515.6 136
1727973341409 22515.6 137
1727973351470 22515.6 138
1727973361521 22515.6 139
1727973371573 22515.6 140
1727973381625 22515.6 141
1727973391680 22515.6 142
1727973401733 22515.6 143
1727973411789 22515.6 144
1727973421987 22515.7 145
1727973432252 22515.6 146
1727973442311 22515.7 147
1727973452363 22515.7 148
1727973462518 22515.7 149
1727973473074 22515.7 150
1727973483629 22515.6 151
1727973493682 22515.7 152
1727973503783 22515.7 153
1727973514003 22515.7 154
1727973524059 22515.7 155
1727973534123 22515.7 156
1727973544185 22515.7 157
1727973554393 22515.7 158
1727973564852 22515.7 159
1727973574906 22515.7 160
1727973584963 22515.7 161
1727973595160 22515.7 162
1727973605225 22515.7 163
1727973615283 22515.7 164
1727973625347 22515.7 165
1727973635411 22515.7 166
1727973645509 22515.7 167
1727973655604 22515.7 168
1727973665712 22515.7 169
1727973675771 22515.7 170
1727973685833 22515.7 171
1727973695973 22515.7 172
1727973706034 22515.7 173
1727973716088 22515.7 174
1727973726147 22515.7 175
1727973736203 22515.7 176
1727973746259 22515.7 177
1727973756317 22515.7 178
1727973766434 22515.7 179
1727973776488 22515.7 180
1727973786544 22515.7 181
1727973796598 22515.7 182
1727973806653 22515.7 183
1727973816710 22515.7 184
1727973826775 22515.7 185
1727973836965 22515.7 186
1727973847029 22515.7 187
1727973857087 22515.7 188
1727973867156 22515.7 189
1727973877214 22515.7 190
1727973887270 22515.7 191
1727973897325 22515.7 192
1727973907383 22515.7 193
1727973917447 22515.7 194
1727973927658 22515.7 195
1727973937725 22515.7 196
1727973947792 22515.7 197
1727973957850 22515.7 198
1727973967907 22515.7 199
1727973977964 22515.7 200
1727973988023 22515.7 201
1727973998086 22515.7 202
1727974008275 22515.7 203
1727974018656 22515.7 204
1727974028715 22515.7 205
1727974038865 22515.7 206
1727974049227 22515.7 207
1727974059286 22515.7 208
1727974069414 22515.7 209
1727974079519 22515.7 210
1727974089580 22515.7 211
1727974099635 22515.7 212
1727974109691 22515.7 213
1727974119992 22515.7 214
1727974130417 22515.7 215
1727974140724 22515.7 216
1727974150782 22515.7 217
1727974160840 22515.7 218
1727974170906 22515.7 219
1727974181075 22515.7 220
1727974191585 22515.7 221
1727974201979 22515.7 222
1727974212070 22515.7 223
1727974222169 22515.7 224
1727974232233 22515.7 225
1727974242421 22515.7 226
1727974252480 22515.7 227
1727974262679 22515.6 228
1727974272764 22515.6 229
1727974282823 22515.6 230
1727974292881 22515.6 231
1727974302967 22515.6 232
1727974313023 22515.6 233
1727974323465 22515.6 234
1727974333959 22515.6 235
1727974344266 22515.6 236
1727974354493 22515.6 237
1727974364959 22515.6 238
1727974375387 22515.6 239
1727974385445 22515.6 240
1727974395507 22515.6 241
1727974405569 22515.6 242
1727974415626 22515.6 243
1727974425729 22515.6 244
1727974435786 22515.6 245
1727974445845 22515.6 246
1727974455902 22515.6 247
1727974465960 22515.6 248
1727974476019 22515.6 249
1727974486074 22515.6 250
1727974496267 22515.6 251
1727974506587 22515.6 252
1727974516979 22515.6 253
1727974527037 22515.6 254
1727974537092 22515.6 255
1727974547346 22515.6 256
1727974557723 22515.6 257
1727974567780 22515.6 258
1727974577839 22515.5 259
1727974588005 22515.5 260
1727974598375 22515.5 261
1727974608545 22515.5 262
1727974618746 22515.5 263
1727974628801 22515.5 264
1727974638956 22515.5 265
1727974649343 22515.5 266
1727974659398 22515.5 267
1727974669460 22515.5 268
1727974679679 22515.5 269
1727974689830 22515.5 270
1727974699889 22515.5 271
1727974710118 22515.5 272
1727974720211 22515.5 273
1727974730266 22515.5 274
1727974740422 22515.5 275
1727974750898 22515.5 276
1727974761319 22515.5 277
1727974771381 22515.5 278
1727974781589 22515.5 279
1727974792123 22515.5 280
1727974802531 22515.4 281
1727974812585 22515.4 282
1727974822655 22515.4 283
1727974832902 22515.4 284
1727974843299 22515.4 285
1727974853357 22515.4 286
1727974863506 22515.4 287
1727974874125 22515.4 288
1727974884183 22515.4 289
1727974894414 22515.4 290
1727974904601 22515.4 291
1727974914658 22515.4 292
1727974924914 22515.4 293
1727974935355 22515.4 294
1727974945546 22515.4 295
1727974955640 22515.4 296
1727974965728 22515.4 297
1727974975786 22515.4 298
1727974985853 22515.4 299
1727974996042 22515.4 300
1727975006443 22515.4 301
1727975016498 22515.4 302
1727975026866 22515.4 303
1727975037224 22515.3 304
1727975047279 22515.3 305
1727975057335 22515.3 306
1727975067528 22515.3 307
1727975077634 22515.3 308
1727975087688 22515.3 309
1727975097989 22515.3 310
1727975108064 22515.3 311
1727975118121 22515.3 312
1727975128176 22515.3 313
1727975138327 22515.3 314
1727975148804 22515.3 315
1727975159244 22515.3 316
1727975169303 22515.3 317
1727975179360 22515.3 318
1727975189418 22515.3 319
1727975199499 22515.3 320
1727975209557 22515.3 321
1727975219614 22515.3 322
1727975229672 22515.3 323
1727975239727 22515.3 324
1727975249788 22515.3 325
1727975259891 22515.3 326
1727975270007 22515.3 327
1727975280082 22515.3 328
1727975290141 22515.3 329
1727975300300 22515.3 330
1727975310643 22515.3 331
1727975320761 22515.3 332
1727975330821 22515.3 333
1727975340877 22515.3 334
1727975350934 22515.3 335
1727975361005 22515.3 336
1727975371063 22515.3 337
1727975381122 22515.3 338
1727975391184 22515.3 339
1727975401240 22515.3 340
1727975411414 22515.3 341
1727975422043 22515.3 342
1727975432461 22515.3 343
1727975442620 22515.3 344
1727975452703 22515.3 345
1727975463039 22515.3 346
1727975473614 22515.3 347
1727975483912 22515.3 348
1727975493978 22515.3 349
1727975504035 22515.3 350
1727975514099 22515.3 351
1727975524258 22515.3 352
1727975534403 22515.3 353
1727975544534 22515.3 354
1727975554641 22515.3 355
1727975564699 22515.3 356
1727975574759 22515.3 357
1727975584895 22515.3 358
1727975595454 22515.3 359
1727975605781 22515.3 360
1727975615944 22515.3 361
1727975626545 22515.3 362
1727975636605 22515.3 363
1727975646664 22515.3 364
1727975656882 22515.3 365
1727975667298 22515.3 366
1727975677393 22515.3 367
1727975687454 22515.3 368
1727975697516 22515.3 369
1727975707676 22515.3 370
1727975718108 22515.3 371
1727975728164 22515.3 372
1727975738223 22515.3 373
1727975748281 22515.3 374
1727975758340 22515.3 375
1727975768403 22515.3 376
1727975778463 22515.3 377
1727975788522 22515.3 378
1727975798580 22515.3 379
1727975809172 22515.3 380
1727975819512 22515.3 381
1727975829660 22515.3 382
1727975839735 22515.3 383
1727975849793 22515.3 384
1727975859960 22515.3 385
1727975870495 22515.3 386
1727975880560 22515.3 387
1727975890620 22515.3 388
1727975900684 22515.3 389
1727975910742 22515.3 390
1727975920810 22515.3 391
1727975930871 22515.3 392
1727975941180 22515.3 393
1727975951546 22515.3 394
1727975961607 22515.3 395
1727975971692 22515.3 396
1727975981929 22515.3 397
1727975992991 22515.3 398
1727976003121 22515.3 399
1727976013190 22515.3 400
1727976023255 22515.3 401
1727976033469 22515.3 402
1727976043944 22515.3 403
1727976054100 22515.3 404
1727976064415 22515.3 405
1727976074476 22515.3 406
1727976084634 22515.3 407
1727976094713 22515.3 408
1727976104772 22515.3 409
1727976114835 22515.3 410
1727976124896 22515.3 411
1727976134956 22515.3 412
1727976145065 22515.3 413
1727976155366 22515.3 414
1727976166180 22515.3 415
1727976176650 22515.3 416
1727976186712 22515.3 417
1727976196771 22515.3 418
1727976207261 22515.3 419
1727976217640 22515.3 420
1727976227700 22515.3 421
1727976237762 22515.3 422
1727976247828 22515.3 423
1727976258017 22515.3 424
1727976268530 22515.3 425
1727976278919 22515.3 426
1727976288981 22515.3 427
1727976299043 22515.3 428
1727976309401 22515.3 429
1727976319577 22515.3 430
1727976329872 22515.3 431
1727976339932 22515.3 432
1727976349996 22515.3 433
1727976360066 22515.3 434
1727976370185 22515.3 435
1727976380486 22515.3 436
1727976391261 22515.3 437
1727976401693 22515.3 438
1727976411818 22515.3 439
1727976421879 22515.3 440
1727976431942 22515.3 441
1727976442010 22515.3 442
1727976452114 22515.3 443
1727976462189 22515.3 444
1727976472269 22515.3 445
1727976482333 22515.3 446
1727976492396 22515.3 447
1727976502460 22515.3 448
1727976512527 22515.3 449
1727976522691 22515.3 450
1727976532992 22515.3 451
1727976543121 22515.3 452
1727976553491 22515.3 453
1727976563553 22515.3 454
1727976573629 22515.3 455
1727976583702 22515.3 456
1727976593767 22515.3 457
1727976603829 22515.3 458
1727976614013 22515.3 459
1727976624241 22515.3 460
1727976634755 22515.3 461
1727976645137 22515.3 462
1727976655515 22515.3 463
1727976665576 22515.3 464
1727976675640 22515.3 465
1727976685711 22515.3 466
1727976695779 22515.3 467
1727976705840 22515.3 468
1727976716155 22515.3 469
1727976726561 22515.3 470
1727976736630 22515.3 471
1727976746704 22515.3 472
1727976756790 22515.3 473
1727976766960 22515.3 474
1727976777039 22515.3 475
1727976787101 22515.3 476
1727976797255 22515.3 477
1727976807447 22515.3 478
1727976817721 22515.3 479
1727976828278 22515.3 480
1727976838774 22515.3 481
1727976848980 22515.3 482
1727976859480 22515.3 483
1727976869880 22515.3 484
1727976879998 22515.3 485
1727976890123 22515.3 486
1727976900185 22515.3 487
1727976910249 22515.3 488
1727976920519 22515.3 489
1727976930582 22515.3 490
1727976940640 22515.3 491
1727976950908 22515.3 492
1727976961311 22515.3 493
1727976972018 22515.3 494
1727976982544 22515.3 495
1727976993069 22515.3 496
1727977003460 22515.3 497
1727977013518 22515.3 498
1727977023580 22515.3 499
1727977033644 22515.3 500
1727977043709 22515.3 501
1727977053773 22515.3 502
1727977063836 22515.3 503
1727977073901 22515.3 504
1727977083972 22515.3 505
1727977094039 22515.3 506
1727977104162 22515.3 507
1727977114233 22515.3 508
1727977124299 22515.3 509
1727977134566 22515.3 510
1727977144974 22515.3 511
1727977155038 22515.3 512
1727977165104 22515.3 513
1727977175320 22515.3 514
1727977185411 22515.3 515
1727977195477 22515.3 516
1727977205717 22515.3 517
1727977216073 22515.3 518
1727977226415 22515.3 519
1727977236811 22515.3 520
1727977246875 22515.3 521
1727977256945 22515.3 522
1727977267141 22515.3 523
1727977277557 22515.3 524
1727977287680 22515.3 525
1727977298150 22515.3 526
1727977308545 22515.3 527
1727977318626 22515.3 528
1727977328691 22515.3 529
1727977338763 22515.3 530
1727977348826 22515.3 531
1727977359006 22515.3 532
1727977369242 22515.3 533
1727977379665 22515.3 534
1727977389844 22515.3 535
1727977399918 22515.3 536
1727977409981 22515.3 537
1727977420050 22515.3 538
1727977430115 22515.3 539
1727977440277 22515.3 540
1727977450771 22515.3 541
1727977461303 22515.3 542
1727977471506 22515.3 543
1727977482051 22515.3 544
1727977492288 22515.3 545
1727977502356 22515.3 546
1727977512420 22515.3 547
