1727971947435 192195.2 0
1727971957491 192195.2 1
1727971967544 192195.2 2
1727971977594 192195.2 3
1727971987635 192195.2 4
1727971997703 192195.2 5
1727972007775 192195.2 6
1727972017816 192195.2 7
1727972027859 192195.2 8
1727972037900 192195.2 9
1727972047942 192195.2 10
1727972057982 192195.2 11
1727972068022 192195.2 12
1727972078067 192195.2 13
1727972088150 192195.2 14
1727972098198 192195.2 15
1727972108265 192195.2 16
1727972118307 192195.2 17
1727972128349 192195.2 18
1727972138466 192195.2 19
1727972148543 192195.2 20
1727972158623 192195.2 21
1727972168698 192195.2 22
1727972178898 192195.2 23
1727972189124 192195.2 24
1727972199168 192195.2 25
1727972209290 192195.2 26
1727972219480 192195.2 27
1727972230190 192195.2 28
1727972240300 192195.2 29
1727972250606 192195.2 30
1727972261230 192195.2 31
1727972271791 192195.2 32
1727972282049 192195.2 33
1727972292436 192195.2 34
1727972302651 192195.2 35
1727972312693 192195.2 36
1727972322737 192195.2 37
1727972332784 192195.2 38
1727972342831 192195.2 39
1727972353107 192195.2 40
1727972363273 192195.2 41
1727972373793 192195.2 42
1727972384235 192195.2 43
1727972394614 192195.2 44
1727972404732 192195.2 45
1727972414807 192195.2 46
1727972424867 192195.2 47
1727972435181 192195.2 48
1727972445646 192195.2 49
1727972455918 192195.2 50
1727972466053 192195.2 51
1727972476419 192195.2 52
1727972486467 192195.2 53
1727972496601 192195.2 54
1727972506956 192195.2 55
1727972517001 192195.2 56
1727972527044 192195.2 57
1727972537882 192195.2 58
1727972548268 192195.2 59
1727972558313 192195.2 60
1727972568369 192195.2 61
1727972578411 192195.2 62
1727972588676 192195.2 63
1727972599407 192195.2 64
1727972609770 192195.2 65
1727972620162 192195.2 66
1727972630621 192195.2 67
1727972640720 192195.2 68
1727972650920 192195.2 69
1727972661664 192195.2 70
1727972671723 192195.2 71
1727972682162 192195.2 72
1727972692243 192195.2 73
1727972702662 192195.2 74
1727972713046 192195.2 75
1727972723476 192195.2 76
1727972733521 192195.2 77
1727972743680 192195.2 78
1727972754045 192195.2 79
1727972764089 192195.2 80
1727972774223 192195.2 81
1727972784641 192195.2 82
1727972794688 192195.2 83
1727972805004 192195.2 84
1727972815184 192195.2 85
1727972825304 192195.2 86
1727972835416 192195.2 87
1727972845462 192195.2 88
1727972855671 192195.2 89
1727972865770 192195.2 90
1727972875824 192195.2 91
1727972885960 192195.2 92
1727972896493 192195.2 93
1727972906694 192195.2 94
1727972917072 192195.2 95
1727972927116 192195.2 96
1727972937158 192195.2 97
1727972947201 192195.2 98
1727972957252 192195.2 99
1727972967307 192195.2 100
1727972977352 192195.2 101
1727972987397 192195.2 102
1727972997443 192195.2 103
1727973007750 192195.2 104
1727973018143 192195.2 105
1727973028192 192195.2 106
1727973038373 192195.2 107
1727973048443 192195.2 108
1727973058696 192195.2 109
1727973068873 192195.1 110
1727973078920 192194.7 111
1727973088988 192194.7 112
1727973099097 192194.7 113
1727973109420 192194.7 114
1727973119476 192194.7 115
1727973129530 192194.7 116
1727973139578 192194.7 117
1727973149627 192194.8 118
1727973159678 192194.8 119
1727973169725 192194.7 120
1727973179780 192194.7 121
1727973189839 192194.7 122
1727973199888 192194.7 123
1727973209948 192194.7 124
1727973220000 192194.7 125
1727973230051 192194.7 126
1727973240101 192194.7 127
1727973250150 192194.7 128
1727973260203 192194.7 129
1727973270252 192194.7 130
1727973280307 192194.7 131
1727973290361 192194.7 132
1727973300440 192194.8 133
1727973310675 192194.7 134
1727973321094 192194.7 135
1727973331255 192194.7 136
1727973341409 192194.7 137
1727973351470 192194.7 138
1727973361521 192194.7 139
1727973371573 192194.7 140
1727973381625 192194.7 141
1727973391680 192194.7 142
1727973401733 192194.7 143
1727973411789 192194.7 144
1727973421987 192194.7 145
1727973432252 192194.7 146
1727973442311 192194.7 147
1727973452363 192194.7 148
1727973462518 192194.7 149
1727973473074 192194.7 150
1727973483629 192194.7 151
1727973493682 192194.7 152
1727973503783 192194.7 153
1727973514003 192194.7 154
1727973524059 192194.7 155
1727973534123 192194.7 156
1727973544185 192194.7 157
1727973554393 192194.7 158
1727973564852 192194.7 159
1727973574906 192194.7 160
1727973584963 192194.7 161
1727973595160 192194.7 162
1727973605225 192194.7 163
1727973615283 192194.7 164
1727973625347 192194.7 165
1727973635411 192194.7 166
1727973645509 192194.7 167
1727973655604 192194.7 168
1727973665712 192194.7 169
1727973675771 192194.7 170
1727973685833 192194.7 171
1727973695973 192194.7 172
1727973706034 192194.7 173
1727973716088 192194.7 174
1727973726147 192194.7 175
1727973736203 192194.7 176
1727973746259 192194.7 177
1727973756317 192194.7 178
1727973766434 192194.7 179
1727973776488 192194.7 180
1727973786544 192194.7 181
1727973796598 192194.7 182
1727973806653 192194.7 183
1727973816710 192194.7 184
1727973826775 192194.7 185
1727973836965 192194.7 186
1727973847029 192194.7 187
1727973857087 192194.7 188
1727973867156 192194.7 189
1727973877214 192194.7 190
1727973887270 192194.7 191
1727973897325 192194.7 192
1727973907383 192194.7 193
1727973917447 192194.7 194
1727973927658 192194.7 195
1727973937725 192194.7 196
1727973947792 192194.7 197
1727973957850 192194.7 198
1727973967907 192194.7 199
1727973977964 192194.7 200
1727973988023 192194.7 201
1727973998086 192194.7 202
1727974008275 192194.7 203
1727974018656 192194.7 204
1727974028715 192194.7 205
1727974038865 192194.7 206
1727974049227 192194.7 207
1727974059286 192194.7 208
1727974069414 192194.7 209
1727974079519 192194.7 210
1727974089580 192194.7 211
1727974099635 192194.7 212
1727974109691 192194.7 213
1727974119992 192194.7 214
1727974130417 192194.7 215
1727974140724 192194.7 216
1727974150782 192194.7 217
1727974160840 192194.7 218
1727974170906 192194.7 219
1727974181075 192194.7 220
1727974191585 192194.7 221
1727974201979 192194.7 222
1727974212070 192194.7 223
1727974222169 192194.7 224
1727974232233 192194.7 225
1727974242421 192194.7 226
1727974252480 192194.7 227
1727974262679 192194.7 228
1727974272764 192194.7 229
1727974282823 192194.7 230
1727974292881 192194.7 231
1727974302967 192194.7 232
1727974313023 192194.7 233
1727974323465 192194.7 234
1727974333959 192194.7 235
1727974344266 192194.7 236
1727974354493 192194.7 237
1727974364959 192194.7 238
1727974375387 192194.7 239
1727974385445 192194.7 240
1727974395507 192194.7 241
1727974405569 192194.7 242
1727974415626 192194.7 243
1727974425729 192194.7 244
1727974435786 192194.7 245
1727974445845 192194.7 246
1727974455902 192194.7 247
1727974465960 192194.7 248
1727974476019 192194.7 249
1727974486074 192194.8 250
1727974496267 192194.8 251
1727974506587 192194.8 252
1727974516979 192194.8 253
1727974527037 192194.8 254
1727974537092 192194.8 255
1727974547346 192194.8 256
1727974557723 192194.8 257
1727974567780 192194.8 258
1727974577839 192194.8 259
1727974588005 192194.8 260
1727974598375 192194.8 261
1727974608545 192194.8 262
1727974618746 192194.8 263
1727974628801 192194.8 264
1727974638956 192194.8 265
1727974649343 192194.8 266
1727974659398 192194.8 267
1727974669460 192194.8 268
1727974679679 192194.9 269
1727974689830 192194.9 270
1727974699889 192194.9 271
1727974710118 192194.9 272
1727974720211 192194.9 273
1727974730266 192194.9 274
1727974740422 192194.9 275
1727974750898 192194.9 276
1727974761319 192194.9 277
1727974771381 192194.9 278
1727974781589 192194.9 279
1727974792123 192194.9 280
1727974802531 192194.9 281
1727974812585 192194.9 282
1727974822655 192194.9 283
1727974832902 192194.9 284
1727974843299 192194.9 285
1727974853357 192194.9 286
1727974863506 192194.9 287
1727974874125 192194.9 288
1727974884183 192194.9 289
1727974894414 192194.9 290
1727974904601 192195.0 291
1727974914658 192195.0 292
1727974924914 192195.0 293
1727974935355 192195.0 294
1727974945546 192195.0 295
1727974955640 192195.0 296
1727974965728 192195.0 297
1727974975786 192195.0 298
1727974985853 192195.0 299
1727974996042 192195.0 300
1727975006443 192195.0 301
1727975016498 192195.0 302
1727975026866 192195.0 303
1727975037224 192195.0 304
1727975047279 192195.0 305
1727975057335 192195.0 306
1727975067528 192195.0 307
1727975077634 192195.0 308
1727975087688 192195.0 309
1727975097989 192195.0 310
1727975108064 192195.1 311
1727975118121 192195.1 312
1727975128176 192195.1 313
1727975138327 192195.1 314
1727975148804 192195.1 315
1727975159244 192195.1 316
1727975169303 192195.0 317
1727975179360 192195.0 318
1727975189418 192195.0 319
1727975199499 192195.1 320
1727975209557 192195.1 321
1727975219614 192195.1 322
1727975229672 192195.0 323
1727975239727 192195.1 324
1727975249788 192195.1 325
1727975259891 192195.0 326
1727975270007 192195.1 327
1727975280082 192195.0 328
1727975290141 192195.1 329
1727975300300 192195.0 330
1727975310643 192195.0 331
1727975320761 192195.1 332
1727975330821 192195.1 333
1727975340877 192195.1 334
1727975350934 192195.1 335
1727975361005 192195.1 336
1727975371063 192195.1 337
1727975381122 192195.1 338
1727975391184 192195.1 339
1727975401240 192195.1 340
1727975411414 192195.1 341
1727975422043 192195.1 342
1727975432461 192195.1 343
1727975442620 192195.1 344
1727975452703 192195.1 345
1727975463039 192195.1 346
1727975473614 192195.1 347
1727975483912 192195.1 348
1727975493978 192195.1 349
1727975504035 192195.1 350
1727975514099 192195.1 351
1727975524258 192195.1 352
1727975534403 192195.1 353
1727975544534 192195.1 354
1727975554641 192195.1 355
1727975564699 192195.1 356
1727975574759 192195.1 357
1727975584895 192195.1 358
1727975595454 192195.1 359
1727975605781 192195.1 360
1727975615944 192195.1 361
1727975626545 192195.1 362
1727975636605 192195.1 363
1727975646664 192195.1 364
1727975656882 192195.1 365
1727975667298 192195.1 366
1727975677393 192195.1 367
1727975687454 192195.1 368
1727975697516 192195.1 369
1727975707676 192195.1 370
1727975718108 192195.1 371
1727975728164 192195.1 372
1727975738223 192195.1 373
1727975748281 192195.1 374
1727975758340 192195.1 375
1727975768403 192195.1 376
1727975778463 192195.1 377
1727975788522 192195.1 378
1727975798580 192195.1 379
1727975809172 192195.1 380
1727975819512 192195.1 381
1727975829660 192195.1 382
1727975839735 192195.1 383
1727975849793 192195.1 384
1727975859960 192195.1 385
1727975870495 192195.1 386
1727975880560 192195.1 387
1727975890620 192195.1 388
1727975900684 192195.1 389
1727975910742 192195.1 390
1727975920810 192195.1 391
1727975930871 192195.1 392
1727975941180 192195.1 393
1727975951546 192195.1 394
1727975961607 192195.1 395
1727975971692 192195.1 396
1727975981929 192195.1 397
1727975992991 192195.1 398
1727976003121 192195.1 399
1727976013190 192195.1 400
1727976023255 192195.1 401
1727976033469 192195.1 402
1727976043944 192195.1 403
1727976054100 192195.1 404
1727976064415 192195.1 405
1727976074476 192195.1 406
1727976084634 192195.1 407
1727976094713 192195.1 408
1727976104772 192195.1 409
1727976114835 192195.1 410
1727976124896 192195.1 411
1727976134956 192195.1 412
1727976145065 192195.1 413
1727976155366 192195.1 414
1727976166180 192195.1 415
1727976176650 192195.1 416
1727976186712 192195.1 417
1727976196771 192195.1 418
1727976207261 192195.1 419
1727976217640 192195.1 420
1727976227700 192195.1 421
1727976237762 192195.1 422
1727976247828 192195.1 423
1727976258017 192195.1 424
1727976268530 192195.1 425
1727976278919 192195.1 426
1727976288981 192195.1 427
1727976299043 192195.1 428
1727976309401 192195.1 429
1727976319577 192195.1 430
1727976329872 192195.1 431
1727976339932 192195.1 432
1727976349996 192195.1 433
1727976360066 192195.1 434
1727976370185 192195.1 435
1727976380486 192195.1 436
1727976391261 192195.1 437
1727976401693 192195.1 438
1727976411818 192195.1 439
1727976421879 192195.1 440
1727976431942 192195.1 441
1727976442010 192195.1 442
1727976452114 192195.1 443
1727976462189 192195.1 444
1727976472269 192195.1 445
1727976482333 192195.1 446
1727976492396 192195.1 447
1727976502460 192195.1 448
1727976512527 192195.1 449
1727976522691 192195.1 450
1727976532992 192195.1 451
1727976543121 192195.1 452
1727976553491 192195.1 453
1727976563553 192195.1 454
1727976573629 192195.1 455
1727976583702 192195.1 456
1727976593767 192195.1 457
1727976603829 192195.1 458
1727976614013 192195.1 459
1727976624241 192195.1 460
1727976634755 192195.1 461
1727976645137 192195.1 462
1727976655515 192195.1 463
1727976665576 192195.1 464
1727976675640 192195.1 465
1727976685711 192195.1 466
1727976695779 192195.1 467
1727976705840 192195.1 468
1727976716155 192195.1 469
1727976726561 192195.1 470
1727976736630 192195.1 471
1727976746704 192195.1 472
1727976756790 192195.1 473
1727976766960 192195.1 474
1727976777039 192195.1 475
1727976787101 192195.1 476
1727976797255 192195.1 477
1727976807447 192195.1 478
1727976817721 192195.1 479
1727976828278 192195.1 480
1727976838774 192195.1 481
1727976848980 192195.1 482
1727976859480 192195.1 483
1727976869880 192195.1 484
1727976879998 192195.1 485
1727976890123 192195.1 486
1727976900185 192195.1 487
1727976910249 192195.1 488
1727976920519 192195.1 489
1727976930582 192195.1 490
1727976940640 192195.1 491
1727976950908 192195.1 492
1727976961311 192195.1 493
1727976972018 192195.1 494
1727976982544 192195.1 495
1727976993069 192195.1 496
1727977003460 192195.1 497
1727977013518 192195.1 498
1727977023580 192195.1 499
1727977033644 192195.1 500
1727977043709 192195.1 501
1727977053773 192195.1 502
1727977063836 192195.1 503
1727977073901 192195.1 504
1727977083972 192195.1 505
1727977094039 192195.1 506
1727977104162 192195.1 507
1727977114233 192195.1 508
1727977124299 192195.1 509
1727977134566 192195.1 510
1727977144974 192195.1 511
1727977155038 192195.1 512
1727977165104 192195.1 513
1727977175320 192195.1 514
1727977185411 192195.1 515
1727977195477 192195.1 516
1727977205717 192195.1 517
1727977216073 192195.1 518
1727977226415 192195.1 519
1727977236811 192195.1 520
1727977246875 192195.1 521
1727977256945 192195.1 522
1727977267141 192195.1 523
1727977277557 192195.1 524
1727977287680 192195.1 525
1727977298150 192195.1 526
1727977308545 192195.1 527
1727977318626 192195.1 528
1727977328691 192195.1 529
1727977338763 192195.1 530
1727977348826 192195.1 531
1727977359006 192195.1 532
1727977369242 192195.1 533
1727977379665 192195.1 534
1727977389844 192195.1 535
1727977399918 192195.1 536
1727977409981 192195.1 537
1727977420050 192195.1 538
1727977430115 192195.1 539
1727977440277 192195.1 540
1727977450771 192195.1 541
1727977461303 192195.1 542
1727977471506 192195.1 543
1727977482051 192195.1 544
1727977492288 192195.1 545
1727977502356 192195.1 546
1727977512420 192195.1 547
