1727971947435 0.0034539997577667236 0
1727971957491 834.4842180013657 1
1727971967544 1736.968515008688 2
1727971977594 2555.6136839985847 3
1727971987635 3364.099323004484 4
1727971997703 4193.445041000843 5
1727972007775 5042.804802000523 6
1727972017816 5875.726029008627 7
1727972027859 6708.68806502223 8
1727972037900 7499.087036013603 9
1727972047942 8347.34168601036 10
1727972057982 9182.397431999445 11
1727972068022 9970.029087007046 12
1727972078067 10763.3353600204 13
1727972088150 11579.937432020903 14
1727972098198 12342.497258007526 15
1727972108265 13193.302840024233 16
1727972118307 14018.343984007835 17
1727972128349 14791.540383011103 18
1727972138466 15583.282986998558 19
1727972148543 16762.89501002431 20
1727972158623 17670.112379014492 21
1727972168698 18622.476977020502 22
1727972178898 19531.54682701826 23
1727972189124 20336.722046017647 24
1727972199168 21119.036393016577 25
1727972209290 21902.491115003824 26
1727972219480 22681.19609501958 27
1727972230190 23469.167382001877 28
1727972240300 24321.56925702095 29
1727972250606 25117.209633022547 30
1727972261230 25941.51132902503 31
1727972271791 26792.853363007307 32
1727972282049 27569.222929000854 33
1727972292436 28411.209509015083 34
1727972302651 29270.103857010603 35
1727972312693 30064.779974013567 36
1727972322737 30861.35444700718 37
1727972332784 31672.69847601652 38
1727972342831 32440.937849998474 39
1727972353107 33236.41147202253 40
1727972363273 34074.0087480247 41
1727972373793 34901.598542004824 42
1727972384235 35710.71219602227 43
1727972394614 36531.54530200362 44
1727972404732 37298.95815402269 45
1727972414807 38100.13123100996 46
1727972424867 38893.32118502259 47
1727972435181 39656.477993011475 48
1727972445646 40553.17145702243 49
1727972455918 41420.01058200002 50
1727972466053 42192.91597101092 51
1727972476419 43019.71528202295 52
1727972486467 43813.54239401221 53
1727972496601 44572.64596500993 54
1727972506956 45400.58733600378 55
1727972517001 46175.90138500929 56
1727972527044 46959.13409399986 57
1727972537882 48020.60156202316 58
1727972548268 48923.56533101201 59
1727972558313 49735.64116200805 60
1727972568369 50571.60395401716 61
1727972578411 51349.68687200546 62
1727972588676 52142.358263999224 63
1727972599407 52961.12810200453 64
1727972609770 54201.574005007744 65
1727972620162 55239.049111008644 66
1727972630621 56114.41295900941 67
1727972640720 56910.59652900696 68
1727972650920 57717.95675101876 69
1727972661664 58556.98860099912 70
1727972671723 59351.867007017136 71
1727972682162 60129.90438902378 72
1727972692243 60959.20547801256 73
1727972702662 62187.02738600969 74
1727972713046 63105.60829100013 75
1727972723476 63972.8028550148 76
1727972733521 64751.36232101917 77
1727972743680 65552.85737201571 78
1727972754045 66370.59887701273 79
1727972764089 67137.13954302669 80
1727972774223 67964.06612700224 81
1727972784641 68831.99073001742 82
1727972794688 69656.2439880073 83
1727972805004 70456.72170501947 84
1727972815184 71296.42368102074 85
1727972825304 72063.50457501411 86
1727972835416 72855.32495900989 87
1727972845462 73649.08121401072 88
1727972855671 74416.38804200292 89
1727972865770 75205.33903500438 90
1727972875824 76018.95837700367 91
1727972885960 76812.55650800467 92
1727972896493 77656.1511220038 93
1727972906694 78469.2620690167 94
1727972917072 79303.25898101926 95
1727972927116 80117.28648900986 96
1727972937158 80880.38816100359 97
1727972947201 81677.14358901978 98
1727972957252 82465.4568670094 99
1727972967307 83243.44363301992 100
1727972977352 84035.85356000066 101
1727972987397 84819.21130999923 102
1727972997443 85578.55145901442 103
1727973007750 86389.28847500682 104
1727973018143 87250.62262400985 105
1727973028192 88017.53311702609 106
1727973038373 88868.4327430129 107
1727973048443 89713.33671802282 108
1727973058696 90463.89955100417 109
1727973068873 90614.39905500412 110
1727973078920 91109.54291200638 111
1727973088988 91140.86862200499 112
1727973099097 94623.68988001347 113
1727973109420 114064.48119401932 114
1727973119476 119017.81842902303 115
1727973129530 119472.0494210124 116
1727973139578 119489.55047500134 117
1727973149627 119521.7563150227 118
1727973159678 119539.64851400256 119
1727973169725 119556.29549700022 120
1727973179780 119573.20767301321 121
1727973189839 119954.55038100481 122
1727973199888 119970.37546801567 123
1727973209948 119985.97908401489 124
1727973220000 120018.91516199708 125
1727973230051 120034.75987800956 126
1727973240101 120490.7940530181 127
1727973250150 120506.29684600234 128
1727973260203 120538.76079800725 129
1727973270252 120554.48434200883 130
1727973280307 120571.48967900872 131
1727973290361 120587.75842702389 132
1727973300440 120621.66965299845 133
1727973310675 120639.5044940114 134
1727973321094 120873.87646701932 135
1727973331255 120890.88626301289 136
1727973341409 121289.93231600523 137
1727973351470 124244.6271790266 138
1727973361521 124477.99028101563 139
1727973371573 124495.38631901145 140
1727973381625 124529.20665201545 141
1727973391680 126552.67728501558 142
1727973401733 127498.6147390008 143
1727973411789 127624.09064599872 144
1727973421987 127765.96407300234 145
1727973432252 128256.18684899807 146
1727973442311 128272.13953700662 147
1727973452363 128288.74496102333 148
1727973462518 128778.34110701084 149
1727973473074 129269.34594002366 150
1727973483629 129286.90476801991 151
1727973493682 129683.4716950059 152
1727973503783 131172.34428700805 153
1727973514003 131189.32664600015 154
1727973524059 131203.65122902393 155
1727973534123 131235.85453501344 156
1727973544185 131251.27281302214 157
1727973554393 131266.66912201047 158
1727973564852 131283.4037540257 159
1727973574906 131314.13095602393 160
1727973584963 131330.51396399736 161
1727973595160 131455.23153799772 162
1727973605225 131471.4166650176 163
1727973615283 131487.71684402227 164
1727973625347 131502.42450800538 165
1727973635411 132259.71715000272 166
1727973645509 133001.6916130185 167
1727973655604 133018.2840040028 168
1727973665712 133033.3284600079 169
1727973675771 133157.62854900956 170
1727973685833 133173.09622502327 171
1727973695973 133188.94268500805 172
1727973706034 133232.08948799968 173
1727973716088 134683.9956240058 174
1727973726147 134698.78901401162 175
1727973736203 134713.66367399693 176
1727973746259 134729.06439301372 177
1727973756317 134744.6691880226 178
1727973766434 134760.14546000957 179
1727973776488 134884.68358200788 180
1727973786544 134899.78234001994 181
1727973796598 134915.89224502444 182
1727973806653 134932.3899500072 183
1727973816710 136298.7780790031 184
1727973826775 136429.83825200796 185
1727973836965 136445.4815840125 186
1727973847029 136461.07174900174 187
1727973857087 136476.58368700743 188
1727973867156 136492.2804430127 189
1727973877214 136508.8264810145 190
1727973887270 136524.6359499991 191
1727973897325 136540.32934600115 192
1727973907383 136555.76576700807 193
1727973917447 136571.52372601628 194
1727973927658 136587.20890200138 195
1727973937725 136602.58774101734 196
1727973947792 136617.67489600182 197
1727973957850 136632.98076301813 198
1727973967907 136649.36771601439 199
1727973977964 137102.70919302106 200
1727973988023 137274.42658901215 201
1727973998086 137289.62119200826 202
1727974008275 137574.44689801335 203
1727974018656 137607.6461290121 204
1727974028715 137639.88482701778 205
1727974038865 137672.3732469976 206
1727974049227 137705.64548501372 207
1727974059286 137737.7093410194 208
1727974069414 137753.19913500547 209
1727974079519 137785.38498201966 210
1727974089580 137817.58219400048 211
1727974099635 138289.23348602653 212
1727974109691 138321.9006780088 213
1727974119992 138337.3448060155 214
1727974130417 138370.65442299843 215
1727974140724 138403.8668090105 216
1727974150782 138418.86061102152 217
1727974160840 138451.4422160089 218
1727974170906 138483.55940800905 219
1727974181075 138515.1848990023 220
1727974191585 138547.49681702256 221
1727974201979 138580.30224201083 222
1727974212070 139035.001763016 223
1727974222169 139067.5594290197 224
1727974232233 139100.10082900524 225
1727974242421 139147.82767000794 226
1727974252480 139769.09766802192 227
1727974262679 139861.04390400648 228
1727974272764 140158.6156720221 229
1727974282823 141029.8539300263 230
1727974292881 141116.10588401556 231
1727974302967 141534.1943899989 232
1727974313023 141986.9605500102 233
1727974323465 142446.5156750083 234
1727974333959 143249.90486201644 235
1727974344266 143861.90265101194 236
1727974354493 144342.32317602634 237
1727974364959 144963.33771702647 238
1727974375387 145486.21398299932 239
1727974385445 145718.71989101171 240
1727974395507 145852.13954800367 241
1727974405569 146071.8403480053 242
1727974415626 146616.06243401766 243
1727974425729 146894.0614180267 244
1727974435786 147223.57896402478 245
1727974445845 147809.2642710209 246
1727974455902 147875.75005301833 247
1727974465960 148398.39943301678 248
1727974476019 148498.44975802302 249
1727974486074 148581.70629301667 250
1727974496267 148623.70737800002 251
1727974506587 149533.3906520009 252
1727974516979 149583.57611000538 253
1727974527037 150034.43699499965 254
1727974537092 150742.84908801317 255
1727974547346 150961.74272701144 256
1727974557723 151549.1024570167 257
1727974567780 151823.57349202037 258
1727974577839 151973.80099502206 259
1727974588005 152451.74877101183 260
1727974598375 152886.8307340145 261
1727974608545 153282.93602001667 262
1727974618746 153924.43459302187 263
1727974628801 153939.93520399928 264
1727974638956 154003.78112199903 265
1727974649343 154428.76986202598 266
1727974659398 154460.87900400162 267
1727974669460 154476.0836380124 268
1727974679679 154508.69671800733 269
1727974689830 154754.0821070075 270
1727974699889 155225.3636880219 271
1727974710118 155241.13955801725 272
1727974720211 155712.69324600697 273
1727974730266 155728.51889300346 274
1727974740422 156021.4929920137 275
1727974750898 156905.08711102605 276
1727974761319 156947.4313520193 277
1727974771381 157844.82679602504 278
1727974781589 157965.8894560039 279
1727974792123 158333.66830900311 280
1727974802531 158484.29571300745 281
1727974812585 158652.06334599853 282
1727974822655 158802.7315070033 283
1727974832902 158970.24434000254 284
1727974843299 159198.4312390089 285
1727974853357 160201.03158402443 286
1727974863506 160315.4363720119 287
1727974874125 160331.5149640143 288
1727974884183 160364.20786002278 289
1727974894414 160413.2725020051 290
1727974904601 160446.1688809991 291
1727974914658 160461.64564800262 292
1727974924914 160476.39313301444 293
1727974935355 161389.7192580104 294
1727974945546 161438.72124400735 295
1727974955640 161454.94276499748 296
1727974965728 161486.99284401536 297
1727974975786 161528.8979050219 298
1727974985853 161973.70358800888 299
1727974996042 162006.92373001575 300
1727975006443 162023.2836550176 301
1727975016498 162055.1951880157 302
1727975026866 162070.61596801877 303
1727975037224 162121.08612400293 304
1727975047279 162136.06665101647 305
1727975057335 162607.87449002266 306
1727975067528 162623.21401700377 307
1727975077634 162639.20377001166 308
1727975087688 162797.31387901306 309
1727975097989 162812.89524802566 310
1727975108064 162846.08323201537 311
1727975118121 162861.71949002147 312
1727975128176 162928.02212899923 313
1727975138327 162944.07723602653 314
1727975148804 162975.58142000437 315
1727975159244 162991.54387301207 316
1727975169303 163023.47007602453 317
1727975179360 163073.2247710228 318
1727975189418 163104.92657500505 319
1727975199499 163119.94430300593 320
1727975209557 163135.51542001963 321
1727975219614 163150.94617900252 322
1727975229672 163199.7393540144 323
1727975239727 163232.23881700635 324
1727975249788 163247.32265001535 325
1727975259891 163279.98211100698 326
1727975270007 163312.31929001212 327
1727975280082 163345.24781399965 328
1727975290141 163361.26294600964 329
1727975300300 163392.79633399844 330
1727975310643 163517.5168389976 331
1727975320761 163567.91679802537 332
1727975330821 163583.0097270012 333
1727975340877 163598.70425900817 334
1727975350934 163631.27589201927 335
1727975361005 163680.60430800915 336
1727975371063 163696.67511302233 337
1727975381122 163711.6177060008 338
1727975391184 163758.9226320088 339
1727975401240 163774.95703801513 340
1727975411414 163840.80499100685 341
1727975422043 163856.91114002466 342
1727975432461 163889.856539011 343
1727975442620 163905.18861800432 344
1727975452703 163954.75222602487 345
1727975463039 163986.14846101403 346
1727975473614 164002.46540400386 347
1727975483912 164035.2590430081 348
1727975493978 164050.34854400158 349
1727975504035 164099.70150601864 350
1727975514099 164115.5992450118 351
1727975524258 164140.18358200788 352
1727975534403 164595.65672200918 353
1727975544534 164632.3488880098 354
1727975554641 164648.0278300047 355
1727975564699 164663.48041000962 356
1727975574759 164678.8677790165 357
1727975584895 164693.70567402244 358
1727975595454 164743.9022050202 359
1727975605781 164759.51927900314 360
1727975615944 164774.59034401178 361
1727975626545 164791.61841100454 362
1727975636605 164824.01980400085 363
1727975646664 164837.72785800695 364
1727975656882 164853.8207589984 365
1727975667298 164870.37996700406 366
1727975677393 164886.57727700472 367
1727975687454 164936.86379602551 368
1727975697516 164979.0634559989 369
1727975707676 165405.7848070264 370
1727975718108 165421.94142502546 371
1727975728164 165471.4635850191 372
1727975738223 165487.33071902394 373
1727975748281 165502.833306998 374
1727975758340 165518.61558902264 375
1727975768403 165550.98977801204 376
1727975778463 165584.1800200045 377
1727975788522 165599.7457240224 378
1727975798580 165615.02560701966 379
1727975809172 165630.39939799905 380
1727975819512 165680.571796 381
1727975829660 165696.64952501655 382
1727975839735 165712.89077600837 383
1727975849793 165726.72640800476 384
1727975859960 165759.37658402324 385
1727975870495 165774.63720202446 386
1727975880560 165790.34095799923 387
1727975890620 165806.17693799734 388
1727975900684 165838.4108799994 389
1727975910742 165853.9125020206 390
1727975920810 165869.6114730239 391
1727975930871 165885.57702299953 392
1727975941180 165901.72911700606 393
1727975951546 165950.4223830104 394
1727975961607 165966.47905799747 395
1727975971692 165982.1194000244 396
1727975981929 165997.91552102566 397
1727975992991 166047.41975399852 398
1727976003121 166064.06667900085 399
1727976013190 166079.93266400695 400
1727976023255 166095.89465001225 401
1727976033469 166128.51957401633 402
1727976043944 166161.76462700963 403
1727976054100 166177.92084002495 404
1727976064415 166194.06229501963 405
1727976074476 166208.68955600262 406
1727976084634 166258.29491901398 407
1727976094713 166274.1995640099 408
1727976104772 166289.8888809979 409
1727976114835 166306.1265680194 410
1727976124896 166338.67773202062 411
1727976134956 166354.34997302294 412
1727976145065 166655.00316900015 413
1727976155366 166670.97514900565 414
1727976166180 166704.21855202317 415
1727976176650 166720.95427399874 416
1727976186712 166735.92773202062 417
1727976196771 166751.55300101638 418
1727976207261 166767.2218800187 419
1727976217640 166818.16162201762 420
1727976227700 166833.68013000488 421
1727976237762 166849.13690200448 422
1727976247828 166864.8000190258 423
1727976258017 166913.2375650108 424
1727976268530 166930.46155300736 425
1727976278919 166946.74338901043 426
1727976288981 166962.9568760097 427
1727976299043 167013.1260470152 428
1727976309401 167028.85521000624 429
1727976319577 167045.23125100136 430
1727976329872 167061.18014201522 431
1727976339932 167093.92741000652 432
1727976349996 167126.56925702095 433
1727976360066 167141.77268901467 434
1727976370185 167157.75341001153 435
1727976380486 167173.72836899757 436
1727976391261 167222.8051200211 437
1727976401693 167240.00073102117 438
1727976411818 167256.7218260169 439
1727976421879 167272.63191002607 440
1727976431942 167297.97584301233 441
1727976442010 167312.6363660097 442
1727976452114 167328.61787700653 443
1727976462189 167343.98887100816 444
1727976472269 167375.30801400542 445
1727976482333 167391.58436000347 446
1727976492396 167404.65465000272 447
1727976502460 167420.13308301568 448
1727976512527 167436.42343699932 449
1727976522691 167477.5067180097 450
1727976532992 167493.94501399994 451
1727976543121 167510.01172602177 452
1727976553491 167525.98439902067 453
1727976563553 167575.38853502274 454
1727976573629 167591.96616700292 455
1727976583702 167607.9934990108 456
1727976593767 167624.03248801827 457
1727976603829 167657.0985980034 458
1727976614013 167680.68489602208 459
1727976624241 167696.33974400163 460
1727976634755 167713.10923799872 461
1727976645137 167729.4562600255 462
1727976655515 167771.08352902532 463
1727976665576 167786.26713001728 464
1727976675640 167801.73341402411 465
1727976685711 167818.062187016 466
1727976695779 167850.1263910234 467
1727976705840 167866.42328301072 468
1727976716155 167881.8526610136 469
1727976726561 167895.96366402507 470
1727976736630 167928.7663450241 471
1727976746704 167944.7746310234 472
1727976756790 167960.9924440086 473
1727976766960 167977.00827902555 474
1727976777039 167994.7062050104 475
1727976787101 168027.84316200018 476
1727976797255 168043.7525510192 477
1727976807447 168058.31157702208 478
1727976817721 168074.41777601838 479
1727976828278 168107.92720100284 480
1727976838774 168124.11175101995 481
1727976848980 168140.22547501326 482
1727976859480 168155.65899902582 483
1727976869880 168172.5145560205 484
1727976879998 168205.1422920227 485
1727976890123 168221.2575930059 486
1727976900185 168235.32347401977 487
1727976910249 168251.093832016 488
1727976920519 168283.23200002313 489
1727976930582 168299.47184300423 490
1727976940640 168314.720739007 491
1727976950908 168329.90621301532 492
1727976961311 168363.6352159977 493
1727976972018 168378.64455100894 494
1727976982544 168395.1376980245 495
1727976993069 168411.38186502457 496
1727977003460 168714.18105700612 497
1727977013518 168746.4368890226 498
1727977023580 168779.06029000878 499
1727977033644 168811.8443160057 500
1727977043709 168844.8309340179 501
1727977053773 168877.72238001227 502
1727977063836 168893.15975502133 503
1727977073901 168925.6032050252 504
1727977083972 168941.56251502037 505
1727977094039 168991.55647400022 506
1727977104162 169024.82774600387 507
1727977114233 169057.22486001253 508
1727977124299 169088.93794101477 509
1727977134566 169138.17245399952 510
1727977144974 169154.28674700856 511
1727977155038 169170.2046340108 512
1727977165104 169203.23075401783 513
1727977175320 169235.2421850264 514
1727977185411 169276.29139500856 515
1727977195477 169308.94536101818 516
1727977205717 169341.85072901845 517
1727977216073 169357.66248899698 518
1727977226415 169391.1389800012 519
1727977236811 169405.70351201296 520
1727977246875 169438.1852440238 521
1727977256945 169470.09433701634 522
1727977267141 169502.81410500407 523
1727977277557 169536.6407340169 524
1727977287680 169569.43192601204 525
1727977298150 169585.49251902103 526
1727977308545 169618.87540102005 527
1727977318626 169634.91374000907 528
1727977328691 169667.84708300233 529
1727977338763 169701.03869199753 530
1727977348826 169736.17527201772 531
1727977359006 170036.98961099982 532
1727977369242 170052.95138302445 533
1727977379665 170103.33907201886 534
1727977389844 170136.5036559999 535
1727977399918 170169.7523060143 536
1727977409981 170202.42182600498 537
1727977420050 170235.04437202215 538
1727977430115 170601.92776101828 539
1727977440277 170761.97372800112 540
1727977450771 170811.83581501245 541
1727977461303 170845.1709470153 542
1727977471506 170893.5614989996 543
1727977482051 170925.03672802448 544
1727977492288 170975.13057601452 545
1727977502356 171006.1184810102 546
1727977512420 171038.4439510107 547
