1727971947435 0.005120009183883667 0
1727971957491 835.042023986578 1
1727971967544 1720.8851079940796 2
1727971977594 2540.3508830070496 3
1727971987635 3350.083568006754 4
1727971997703 4180.16909301281 5
1727972007775 5013.463059991598 6
1727972017816 5847.55300500989 7
1727972027859 6681.479398995638 8
1727972037900 7455.8987709879875 9
1727972047942 8305.276107013226 10
1727972057982 9141.576097995043 11
1727972068022 9913.823668986559 12
1727972078067 10708.027341008186 13
1727972088150 11526.078855991364 14
1727972098198 12289.996560007334 15
1727972108265 13125.291954994202 16
1727972118307 13951.52531799674 17
1727972128349 14726.239194005728 18
1727972138466 15518.970348000526 19
1727972148543 16315.806598991156 20
1727972158623 17072.340526998043 21
1727972168698 17857.065301001072 22
1727972178898 18643.569290995598 23
1727972189124 19449.885100990534 24
1727972199168 20233.30880200863 25
1727972209290 21001.152934998274 26
1727972219480 21780.887311011553 27
1727972230190 22569.959482997656 28
1727972240300 23406.689916998148 29
1727972250606 24203.656277000904 30
1727972261230 25028.670064002275 31
1727972271791 25864.025155991316 32
1727972282049 26641.2423709929 33
1727972292436 27484.030081003904 34
1727972302651 28343.7926889956 35
1727972312693 29122.479288995266 36
1727972322737 29919.96844100952 37
1727972332784 30731.71640199423 38
1727972342831 31500.755291998386 39
1727972353107 32297.176732987165 40
1727972363273 33136.0488139987 41
1727972373793 33947.86815100908 42
1727972384235 34758.29779800773 43
1727972394614 35580.06387901306 44
1727972404732 36348.675799012184 45
1727972414807 37134.05805900693 46
1727972424867 37928.45523798466 47
1727972435181 38692.72636899352 48
1727972445646 39573.71079298854 49
1727972455918 40441.71939501166 50
1727972466053 41215.75829100609 51
1727972476419 42026.87562701106 52
1727972486467 42821.784974992275 53
1727972496601 43581.88879299164 54
1727972506956 44411.2413559854 55
1727972517001 45170.73511400819 56
1727972527044 45954.852200984955 57
1727972537882 46748.91971901059 58
1727972548268 47653.44445699453 59
1727972558313 48466.70398300886 60
1727972568369 49287.24198201299 61
1727972578411 50049.76690098643 62
1727972588676 50843.52293100953 63
1727972599407 51663.589890003204 64
1727972609770 52469.9855529964 65
1727972620162 53284.990954995155 66
1727972630621 54114.037479013205 67
1727972640720 54894.46899598837 68
1727972650920 55702.62777200341 69
1727972661664 56542.93376800418 70
1727972671723 57322.2233799994 71
1727972682162 58101.46604400873 72
1727972692243 58931.95668798685 73
1727972702662 59705.43081599474 74
1727972713046 60624.90788298845 75
1727972723476 61493.34353300929 76
1727972733521 62273.056764006615 77
1727972743680 63059.161325991154 78
1727972754045 63878.60839599371 79
1727972764089 64646.11668500304 80
1727972774223 65473.92659699917 81
1727972784641 66342.84037300944 82
1727972794688 67168.14912700653 83
1727972805004 67953.20102700591 84
1727972815184 68794.14876800776 85
1727972825304 69562.31129300594 86
1727972835416 70355.29374700785 87
1727972845462 71133.08136099577 88
1727972855671 71901.88893800974 89
1727972865770 72692.4590779841 90
1727972875824 73490.21156698465 91
1727972885960 74285.39812800288 92
1727972896493 75130.25604200363 93
1727972906694 75927.36769101024 94
1727972917072 76762.41476199031 95
1727972927116 77577.61429101229 96
1727972937158 78342.1475699842 97
1727972947201 79123.39514499903 98
1727972957252 79912.83515998721 99
1727972967307 80692.08012101054 100
1727972977352 81485.75180500746 101
1727972987397 82270.33638900518 102
1727972997443 83030.99942100048 103
1727973007750 83843.1524220109 104
1727973018143 84689.15114298463 105
1727973028192 85457.03312000632 106
1727973038373 86309.03288400173 107
1727973048443 87138.25648400187 108
1727973058696 87890.26974499226 109
1727973068873 88041.73701098561 110
1727973078920 88077.50973901153 111
1727973088988 88105.43190100789 112
1727973099097 88138.94118499756 113
1727973109420 88193.58546200395 114
1727973119476 88219.14103499055 115
1727973129530 88236.89011898637 116
1727973139578 88254.13747498393 117
1727973149627 88270.36354899406 118
1727973159678 88287.59444698691 119
1727973169725 88305.50884598494 120
1727973179780 88322.95394900441 121
1727973189839 88341.37657099962 122
1727973199888 88358.62055799365 123
1727973209948 88375.03742399812 124
1727973220000 88392.3509440124 125
1727973230051 88408.95107001066 126
1727973240101 88426.19995701313 127
1727973250150 88442.50850701332 128
1727973260203 88459.32403999567 129
1727973270252 88475.66109400988 130
1727973280307 88491.46239501238 131
1727973290361 88507.55063301325 132
1727973300440 88524.75545698404 133
1727973310675 88542.64999699593 134
1727973321094 88558.93289199471 135
1727973331255 88576.82887199521 136
1727973341409 88595.12744700909 137
1727973351470 88616.42972999811 138
1727973361521 88633.62851798534 139
1727973371573 88650.4503070116 140
1727973381625 88668.03883901238 141
1727973391680 88687.95909398794 142
1727973401733 88706.24772399664 143
1727973411789 88723.64731401205 144
1727973421987 88741.12213400006 145
1727973432252 88759.74393001199 146
1727973442311 88776.90953201056 147
1727973452363 88794.61292099953 148
1727973462518 88812.43845400214 149
1727973473074 88830.62515199184 150
1727973483629 88849.6747019887 151
1727973493682 88868.17478299141 152
1727973503783 88887.36001899838 153
1727973514003 88905.15038099885 154
1727973524059 88919.39901399612 155
1727973534123 88935.37111100554 156
1727973544185 88951.6130670011 157
1727973554393 88967.19386801124 158
1727973564852 88983.79330098629 159
1727973574906 89000.70235601068 160
1727973584963 89017.07700100541 161
1727973595160 89033.74191200733 162
1727973605225 89051.32311099768 163
1727973615283 89068.63604199886 164
1727973625347 89083.92986598611 165
1727973635411 89101.79804500937 166
1727973645509 89119.89302799106 167
1727973655604 89136.70205199718 168
1727973665712 89152.64937099814 169
1727973675771 89169.63423800468 170
1727973685833 89186.42460998893 171
1727973695973 89202.74838000536 172
1727973706034 89218.7957150042 173
1727973716088 89236.58944898844 174
1727973726147 89252.0557949841 175
1727973736203 89267.42275598645 176
1727973746259 89283.74988999963 177
1727973756317 89300.17486599088 178
1727973766434 89316.50506401062 179
1727973776488 89333.10544499755 180
1727973786544 89348.32890599966 181
1727973796598 89364.79876899719 182
1727973806653 89381.50267800689 183
1727973816710 89399.67536199093 184
1727973826775 89415.59621998668 185
1727973836965 89432.03035101295 186
1727973847029 89448.39100399613 187
1727973857087 89464.18712601066 188
1727973867156 89480.41516798735 189
1727973877214 89497.41768199205 190
1727973887270 89514.30996498466 191
1727973897325 89530.8668180108 192
1727973907383 89546.45570999384 193
1727973917447 89562.95196899772 194
1727973927658 89579.2274749875 195
1727973937725 89595.81534600258 196
1727973947792 89611.68147599697 197
1727973957850 89628.32264098525 198
1727973967907 89644.76622000337 199
1727973977964 89661.54085299373 200
1727973988023 89677.29024198651 201
1727973998086 89693.2308140099 202
1727974008275 89709.14601901174 203
1727974018656 89726.2256770134 204
1727974028715 89742.86870598793 205
1727974038865 89759.39459899068 206
1727974049227 89776.62520000339 207
1727974059286 89792.85220599174 208
1727974069414 89809.27572101355 209
1727974079519 89825.7149719894 210
1727974089580 89841.58023899794 211
1727974099635 89858.57198598981 212
1727974109691 89875.44665199518 213
1727974119992 89891.2634550035 214
1727974130417 89909.1308169961 215
1727974140724 89926.8863439858 216
1727974150782 89943.09856700897 217
1727974160840 89959.65615200996 218
1727974170906 89975.66827100515 219
1727974181075 89991.61012899876 220
1727974191585 90007.96352100372 221
1727974201979 90024.51932799816 222
1727974212070 90041.00205999613 223
1727974222169 90057.26738500595 224
1727974232233 90073.40024700761 225
1727974242421 90089.78046399355 226
1727974252480 90107.16386601329 227
1727974262679 90124.41316398978 228
1727974272764 90141.5558719933 229
1727974282823 90159.25035500526 230
1727974292881 90175.35303598642 231
1727974302967 90193.43734300137 232
1727974313023 90210.99948298931 233
1727974323465 90227.86735200882 234
1727974333959 90246.65813601017 235
1727974344266 90264.82088398933 236
1727974354493 90281.69795700908 237
1727974364959 90298.28974699974 238
1727974375387 90317.10755199194 239
1727974385445 90333.91707500815 240
1727974395507 90350.3928309977 241
1727974405569 90367.41401299834 242
1727974415626 90384.67483898997 243
1727974425729 90401.68266001344 244
1727974435786 90419.5798420012 245
1727974445845 90437.60314700007 246
1727974455902 90454.72031798959 247
1727974465960 90472.30180901289 248
1727974476019 90488.22108200192 249
1727974486074 90504.90035799146 250
1727974496267 90521.08515399694 251
1727974506587 90539.53642299771 252
1727974516979 90556.71638199687 253
1727974527037 90574.14361798763 254
1727974537092 90591.89065098763 255
1727974547346 90609.29559400678 256
1727974557723 90628.53558498621 257
1727974567780 90646.42960700393 258
1727974577839 90662.2333239913 259
1727974588005 90680.30809798837 260
1727974598375 90697.80409199 261
1727974608545 90713.66679298878 262
1727974618746 90731.26934099197 263
1727974628801 90747.9255850017 264
1727974638956 90765.21873301268 265
1727974649343 90784.50114300847 266
1727974659398 90801.66290798783 267
1727974669460 90817.7765879929 268
1727974679679 90834.90280398726 269
1727974689830 90853.94745799899 270
1727974699889 90871.42540100217 271
1727974710118 90888.4273070097 272
1727974720211 90906.5227920115 273
1727974730266 90923.4859919846 274
1727974740422 90941.52276599407 275
1727974750898 90960.26390400529 276
1727974761319 90978.3748730123 277
1727974771381 90996.45208799839 278
1727974781589 91013.66936600208 279
1727974792123 91031.79179701209 280
1727974802531 91049.01944598556 281
1727974812585 91066.39093798399 282
1727974822655 91084.02103599906 283
1727974832902 91100.9818649888 284
1727974843299 91119.53407400846 285
1727974853357 91138.22865501046 286
1727974863506 91154.75752800703 287
1727974874125 91172.77413499355 288
1727974884183 91190.13355499506 289
1727974894414 91207.64490398765 290
1727974904601 91225.646510005 291
1727974914658 91242.92561998963 292
1727974924914 91259.47001498938 293
1727974935355 91278.88832598925 294
1727974945546 91295.60931900144 295
1727974955640 91313.98089000583 296
1727974965728 91330.71807798743 297
1727974975786 91347.77265900373 298
1727974985853 91365.8991920054 299
1727974996042 91383.98282399774 300
1727975006443 91402.67644199729 301
1727975016498 91419.27189099789 302
1727975026866 91436.41299200058 303
1727975037224 91455.73863700032 304
1727975047279 91472.76190900803 305
1727975057335 91490.33349299431 306
1727975067528 91507.28376999497 307
1727975077634 91525.29314500093 308
1727975087688 91542.26216599345 309
1727975097989 91559.5990999937 310
1727975108064 91577.935593009 311
1727975118121 91595.15838199854 312
1727975128176 91612.30355399847 313
1727975138327 91630.01126900315 314
1727975148804 91646.81708198786 315
1727975159244 91664.30606499314 316
1727975169303 91680.75294300914 317
1727975179360 91698.27857300639 318
1727975189418 91714.53300499916 319
1727975199499 91730.95606699586 320
1727975209557 91748.1439499855 321
1727975219614 91765.18226000667 322
1727975229672 91781.98557299376 323
1727975239727 91798.78470000625 324
1727975249788 91815.74204298854 325
1727975259891 91832.7299309969 326
1727975270007 91849.77406001091 327
1727975280082 91868.06867998838 328
1727975290141 91885.79269900918 329
1727975300300 91902.54077100754 330
1727975310643 91920.33358499408 331
1727975320761 91938.09535899758 332
1727975330821 91954.69480198622 333
1727975340877 91972.73002099991 334
1727975350934 91990.58941799402 335
1727975361005 92007.67179599404 336
1727975371063 92025.2361100018 337
1727975381122 92041.73046198487 338
1727975391184 92058.7209109962 339
1727975401240 92076.6048310101 340
1727975411414 92093.42140901089 341
1727975422043 92112.15621700883 342
1727975432461 92129.80305400491 343
1727975442620 92146.57285800576 344
1727975452703 92163.51492899656 345
1727975463039 92179.72532600164 346
1727975473614 92197.55550301075 347
1727975483912 92215.71674001217 348
1727975493978 92232.45736199617 349
1727975504035 92250.47207701206 350
1727975514099 92267.81213000417 351
1727975524258 92284.42884999514 352
1727975534403 92303.20774701238 353
1727975544534 92321.10276898742 354
1727975554641 92339.05022901297 355
1727975564699 92356.14773100615 356
1727975574759 92373.12698298693 357
1727975584895 92390.11916801333 358
1727975595454 92408.8534129858 359
1727975605781 92426.22011899948 360
1727975615944 92442.0547670126 361
1727975626545 92461.43219998479 362
1727975636605 92479.3476549983 363
1727975646664 92494.58987501264 364
1727975656882 92512.04528000951 365
1727975667298 92531.36726900935 366
1727975677393 92549.16034400463 367
1727975687454 92567.47370100021 368
1727975697516 92584.76810199022 369
1727975707676 92602.38404300809 370
1727975718108 92620.68926298618 371
1727975728164 92637.93589898944 372
1727975738223 92655.40743198991 373
1727975748281 92673.56883999705 374
1727975758340 92690.83775800467 375
1727975768403 92707.81894898415 376
1727975778463 92725.65311899781 377
1727975788522 92742.95829200745 378
1727975798580 92760.59913599491 379
1727975809172 92777.65076199174 380
1727975819512 92796.70285600424 381
1727975829660 92814.36311098933 382
1727975839735 92832.30998200178 383
1727975849793 92848.16319000721 384
1727975859960 92866.35875299573 385
1727975870495 92883.37904900312 386
1727975880560 92900.88558501005 387
1727975890620 92918.54168000817 388
1727975900684 92935.60775199533 389
1727975910742 92952.69501399994 390
1727975920810 92970.959104985 391
1727975930871 92988.11892798543 392
1727975941180 93005.84500101209 393
1727975951546 93023.08630099893 394
1727975961607 93040.71640199423 395
1727975971692 93058.15694999695 396
1727975981929 93076.13658800721 397
1727975992991 93093.58017098904 398
1727976003121 93111.880708009 399
1727976013190 93129.2092140019 400
1727976023255 93146.70748099685 401
1727976033469 93164.1931129992 402
1727976043944 93182.79910799861 403
1727976054100 93200.76463699341 404
1727976064415 93218.6252810061 405
1727976074476 93234.62340399623 406
1727976084634 93252.19722399116 407
1727976094713 93269.93528199196 408
1727976104772 93287.16371500492 409
1727976114835 93305.17587599158 410
1727976124896 93322.6192959845 411
1727976134956 93340.02286800742 412
1727976145065 93357.25772300363 413
1727976155366 93374.7968429923 414
1727976166180 93392.93321698904 415
1727976176650 93411.41646298766 416
1727976186712 93427.53368198872 417
1727976196771 93445.019870013 418
1727976207261 93462.54171299934 419
1727976217640 93481.49055498838 420
1727976227700 93497.84561398625 421
1727976237762 93515.20134600997 422
1727976247828 93532.58069199324 423
1727976258017 93549.00378999114 424
1727976268530 93568.96467399597 425
1727976278919 93587.24436199665 426
1727976288981 93605.10778799653 427
1727976299043 93623.35840499401 428
1727976309401 93640.87848800421 429
1727976319577 93659.96717599034 430
1727976329872 93677.84573701024 431
1727976339932 93694.84776800871 432
1727976349996 93712.25826001167 433
1727976360066 93729.58898299932 434
1727976370185 93747.0411170125 435
1727976380486 93766.04614898562 436
1727976391261 93782.86877200007 437
1727976401693 93802.11307001114 438
1727976411818 93820.5781840086 439
1727976421879 93838.38295900822 440
1727976431942 93856.1816329956 441
1727976442010 93872.0156340003 442
1727976452114 93889.67165699601 443
1727976462189 93907.89077401161 444
1727976472269 93923.33294901252 445
1727976482333 93941.39038398862 446
1727976492396 93955.94794398546 447
1727976502460 93973.40675199032 448
1727976512527 93991.6117399931 449
1727976522691 94010.1895070076 450
1727976532992 94028.60919699073 451
1727976543121 94046.33311799169 452
1727976553491 94063.25878500938 453
1727976563553 94081.76778799295 454
1727976573629 94100.09784200788 455
1727976583702 94118.04369300604 456
1727976593767 94135.96916300058 457
1727976603829 94153.98948600888 458
1727976614013 94170.8671309948 459
1727976624241 94188.38191899657 460
1727976634755 94206.5740660131 461
1727976645137 94224.69092398882 462
1727976655515 94242.81051701307 463
1727976665576 94258.82466301322 464
1727976675640 94275.93414101005 465
1727976685711 94294.94190400839 466
1727976695779 94310.93618699908 467
1727976705840 94329.12490600348 468
1727976716155 94346.50813099742 469
1727976726561 94363.50165399909 470
1727976736630 94380.27638098598 471
1727976746704 94397.93694400787 472
1727976756790 94415.74572899938 473
1727976766960 94434.56150099635 474
1727976777039 94452.28081700206 475
1727976787101 94470.6272380054 476
1727976797255 94488.44962400198 477
1727976807447 94504.94855099916 478
1727976817721 94522.76487401128 479
1727976828278 94541.35956001282 480
1727976838774 94559.59982299805 481
1727976848980 94576.30365398526 482
1727976859480 94593.5985069871 483
1727976869880 94613.00725999475 484
1727976879998 94630.50673300028 485
1727976890123 94648.57067498565 486
1727976900185 94663.2204079926 487
1727976910249 94681.0071350038 488
1727976920519 94698.48016101122 489
1727976930582 94716.52212101221 490
1727976940640 94732.91845798492 491
1727976950908 94748.97139799595 492
1727976961311 94767.58464899659 493
1727976972018 94784.65762901306 494
1727976982544 94802.05082300305 495
1727976993069 94820.36104801297 496
1727977003460 94839.77598899603 497
1727977013518 94856.40064498782 498
1727977023580 94872.91677099466 499
1727977033644 94890.7006199956 500
1727977043709 94909.77209600806 501
1727977053773 94926.71480599046 502
1727977063836 94944.96483299136 503
1727977073901 94961.64121699333 504
1727977083972 94979.56362900138 505
1727977094039 94998.0241419971 506
1727977104162 95017.10533198714 507
1727977114233 95034.4909259975 508
1727977124299 95050.20491600037 509
1727977134566 95067.70737400651 510
1727977144974 95085.61773499846 511
1727977155038 95103.1884920001 512
1727977165104 95120.27518001199 513
1727977175320 95137.47584199905 514
1727977185411 95155.07484400272 515
1727977195477 95173.02231299877 516
1727977205717 95190.77572500706 517
1727977216073 95208.58329600096 518
1727977226415 95227.07552099228 519
1727977236811 95243.2006559968 520
1727977246875 95260.75555101037 521
1727977256945 95277.53643500805 522
1727977267141 95295.39702999592 523
1727977277557 95313.99257299304 524
1727977287680 95330.76830199361 525
1727977298150 95350.00817498565 526
1727977308545 95368.3415710032 527
1727977318626 95386.2746360004 528
1727977328691 95405.24904000759 529
1727977338763 95422.59399700165 530
1727977348826 95442.80245301127 531
1727977359006 95459.81165498495 532
1727977369242 95476.40624898672 533
1727977379665 95495.18196099997 534
1727977389844 95512.19182699919 535
1727977399918 95531.6857829988 536
1727977409981 95549.33118399978 537
1727977420050 95566.23594099283 538
1727977430115 95584.81533500552 539
1727977440277 95603.1180279851 540
1727977450771 95622.32726699114 541
1727977461303 95640.7699419856 542
1727977471506 95656.36735999584 543
1727977482051 95672.61021098495 544
1727977492288 95691.07446300983 545
1727977502356 95706.87297400832 546
1727977512420 95723.3423410058 547
