1727971947435 46156.7 0
1727971957491 49854.0 1
1727971967544 52119.6 2
1727971977594 54611.2 3
1727971987635 48201.2 4
1727971997703 55898.3 5
1727972007775 51662.4 6
1727972017816 51291.6 7
1727972027859 55844.0 8
1727972037900 48633.0 9
1727972047942 56476.9 10
1727972057982 50868.7 11
1727972068022 49902.3 12
1727972078067 55523.1 13
1727972088150 50755.6 14
1727972098198 51183.1 15
1727972108265 48816.8 16
1727972118307 51543.8 17
1727972128349 54856.0 18
1727972138466 50284.5 19
1727972148543 54344.3 20
1727972158623 50119.7 21
1727972168698 49418.7 22
1727972178898 51353.2 23
1727972189124 50483.9 24
1727972199168 51941.0 25
1727972209290 48775.0 26
1727972219480 57436.1 27
1727972230190 52194.5 28
1727972240300 48332.8 29
1727972250606 59996.4 30
1727972261230 48115.3 31
1727972271791 48232.1 32
1727972282049 53217.3 33
1727972292436 47731.6 34
1727972302651 51389.2 35
1727972312693 52582.2 36
1727972322737 54549.1 37
1727972332784 52273.3 38
1727972342831 50698.0 39
1727972353107 56766.9 40
1727972363273 48674.6 41
1727972373793 49423.3 42
1727972384235 48669.4 43
1727972394614 48840.7 44
1727972404732 51855.6 45
1727972414807 49069.4 46
1727972424867 55586.1 47
1727972435181 52396.0 48
1727972445646 48698.7 49
1727972455918 55568.6 50
1727972466053 48971.4 51
1727972476419 49889.7 52
1727972486467 49818.1 53
1727972496601 53514.8 54
1727972506956 50324.3 55
1727972517001 49619.0 56
1727972527044 57503.3 57
1727972537882 54755.4 58
1727972548268 49512.9 59
1727972558313 53611.7 60
1727972568369 50786.8 61
1727972578411 48827.5 62
1727972588676 48739.0 63
1727972599407 55048.2 64
1727972609770 50451.9 65
1727972620162 48014.0 66
1727972630621 53076.5 67
1727972640720 51852.2 68
1727972650920 47521.5 69
1727972661664 53560.4 70
1727972671723 48637.6 71
1727972682162 47755.5 72
1727972692243 48868.0 73
1727972702662 47472.0 74
1727972713046 50729.2 75
1727972723476 49583.7 76
1727972733521 51804.0 77
1727972743680 51019.7 78
1727972754045 47712.6 79
1727972764089 53304.8 80
1727972774223 47546.0 81
1727972784641 47279.9 82
1727972794688 47977.8 83
1727972805004 47421.0 84
1727972815184 49863.1 85
1727972825304 49933.4 86
1727972835416 51467.2 87
1727972845462 51521.4 88
1727972855671 49150.2 89
1727972865770 51944.6 90
1727972875824 46663.8 91
1727972885960 46642.4 92
1727972896493 47560.4 93
1727972906694 46378.3 94
1727972917072 49673.6 95
1727972927116 46553.3 96
1727972937158 49299.3 97
1727972947201 52045.9 98
1727972957252 47917.9 99
1727972967307 50511.7 100
1727972977352 46556.3 101
1727972987397 48066.5 102
1727972997443 46497.5 103
1727973007750 48123.8 104
1727973018143 49800.5 105
1727973028192 46281.7 106
1727973038373 48109.6 107
1727973048443 53576.4 108
1727973058696 46305.0 109
1727973068873 27008.3 110
1727973078920 26539.1 111
1727973088988 26845.4 112
1727973099097 26691.9 113
1727973109420 33266.4 114
1727973119476 35334.6 115
1727973129530 31880.7 116
1727973139578 37383.3 117
1727973149627 34687.9 118
1727973159678 34352.1 119
1727973169725 34280.2 120
1727973179780 41790.9 121
1727973189839 40085.8 122
1727973199888 35590.1 123
1727973209948 41611.9 124
1727973220000 36571.0 125
1727973230051 40689.2 126
1727973240101 38463.6 127
1727973250150 45461.5 128
1727973260203 40371.7 129
1727973270252 39238.9 130
1727973280307 42366.5 131
1727973290361 42303.2 132
1727973300440 44141.1 133
1727973310675 39947.4 134
1727973321094 42709.6 135
1727973331255 44235.0 136
1727973341409 44836.1 137
1727973351470 43245.7 138
1727973361521 43451.9 139
1727973371573 44301.7 140
1727973381625 46356.0 141
1727973391680 43290.8 142
1727973401733 46407.7 143
1727973411789 45613.3 144
1727973421987 53219.6 145
1727973432252 43239.9 146
1727973442311 47701.4 147
1727973452363 49326.4 148
1727973462518 49939.8 149
1727973473074 43325.7 150
1727973483629 51765.2 151
1727973493682 47584.3 152
1727973503783 53485.5 153
1727973514003 45530.8 154
1727973524059 56417.5 155
1727973534123 52786.9 156
1727973544185 60122.3 157
1727973554393 52134.4 158
1727973564852 52969.9 159
1727973574906 51540.6 160
1727973584963 53624.2 161
1727973595160 55162.5 162
1727973605225 53025.2 163
1727973615283 57064.5 164
1727973625347 54283.8 165
1727973635411 52400.5 166
1727973645509 62615.9 167
1727973655604 55217.5 168
1727973665712 54281.3 169
1727973675771 51605.4 170
1727973685833 59263.4 171
1727973695973 67944.7 172
1727973706034 52196.3 173
1727973716088 51585.9 174
1727973726147 56975.5 175
1727973736203 58077.2 176
1727973746259 62058.0 177
1727973756317 53031.1 178
1727973766434 62080.4 179
1727973776488 57187.7 180
1727973786544 60313.1 181
1727973796598 58518.0 182
1727973806653 60094.2 183
1727973816710 55126.0 184
1727973826775 55209.8 185
1727973836965 63985.1 186
1727973847029 63159.4 187
1727973857087 64270.2 188
1727973867156 55377.7 189
1727973877214 52828.7 190
1727973887270 60065.0 191
1727973897325 65782.3 192
1727973907383 66909.4 193
1727973917447 55355.9 194
1727973927658 62753.3 195
1727973937725 61416.6 196
1727973947792 53727.5 197
1727973957850 62216.7 198
1727973967907 67128.5 199
1727973977964 62335.0 200
1727973988023 55219.2 201
1727973998086 52846.4 202
1727974008275 69365.7 203
1727974018656 55167.5 204
1727974028715 57372.6 205
1727974038865 55443.1 206
1727974049227 66374.3 207
1727974059286 56891.0 208
1727974069414 60775.6 209
1727974079519 58290.4 210
1727974089580 63554.4 211
1727974099635 61813.5 212
1727974109691 59442.3 213
1727974119992 59766.7 214
1727974130417 61889.3 215
1727974140724 55044.6 216
1727974150782 60309.4 217
1727974160840 63996.2 218
1727974170906 64491.0 219
1727974181075 50024.5 220
1727974191585 53914.7 221
1727974201979 59779.2 222
1727974212070 62537.8 223
1727974222169 59198.1 224
1727974232233 50468.6 225
1727974242421 58253.6 226
1727974252480 55082.8 227
1727974262679 55240.1 228
1727974272764 53398.9 229
1727974282823 56009.6 230
1727974292881 46939.0 231
1727974302967 47414.6 232
1727974313023 55000.8 233
1727974323465 61456.5 234
1727974333959 53826.0 235
1727974344266 52115.1 236
1727974354493 53376.0 237
1727974364959 61714.6 238
1727974375387 53375.5 239
1727974385445 44796.4 240
1727974395507 52016.7 241
1727974405569 56339.6 242
1727974415626 52836.3 243
1727974425729 59014.6 244
1727974435786 52813.3 245
1727974445845 49715.1 246
1727974455902 56329.3 247
1727974465960 52394.3 248
1727974476019 61055.4 249
1727974486074 54563.8 250
1727974496267 46477.2 251
1727974506587 56064.7 252
1727974516979 53017.7 253
1727974527037 53478.2 254
1727974537092 48200.9 255
1727974547346 49322.6 256
1727974557723 51203.6 257
1727974567780 45903.9 258
1727974577839 59070.7 259
1727974588005 45411.6 260
1727974598375 43856.8 261
1727974608545 44636.8 262
1727974618746 44404.3 263
1727974628801 49256.4 264
1727974638956 40829.3 265
1727974649343 48286.6 266
1727974659398 47827.7 267
1727974669460 44785.0 268
1727974679679 52713.4 269
1727974689830 44477.1 270
1727974699889 40639.7 271
1727974710118 41565.8 272
1727974720211 47397.1 273
1727974730266 47537.3 274
1727974740422 40769.1 275
1727974750898 47739.7 276
1727974761319 40495.3 277
1727974771381 38111.2 278
1727974781589 56805.2 279
1727974792123 38720.5 280
1727974802531 34246.2 281
1727974812585 35597.1 282
1727974822655 36305.8 283
1727974832902 44038.8 284
1727974843299 37535.3 285
1727974853357 42850.4 286
1727974863506 36234.5 287
1727974874125 43873.9 288
1727974884183 45328.9 289
1727974894414 34942.2 290
1727974904601 33251.8 291
1727974914658 38023.1 292
1727974924914 37492.0 293
1727974935355 35364.4 294
1727974945546 33782.9 295
1727974955640 31174.8 296
1727974965728 32912.2 297
1727974975786 43901.6 298
1727974985853 38868.4 299
1727974996042 30842.1 300
1727975006443 36509.8 301
1727975016498 38627.7 302
1727975026866 40200.8 303
1727975037224 30431.9 304
1727975047279 35745.4 305
1727975057335 29006.0 306
1727975067528 34568.7 307
1727975077634 37067.9 308
1727975087688 29534.4 309
1727975097989 28438.2 310
1727975108064 32741.9 311
1727975118121 41014.4 312
1727975128176 28224.2 313
1727975138327 36078.6 314
1727975148804 32490.2 315
1727975159244 30886.2 316
1727975169303 35981.7 317
1727975179360 31458.3 318
1727975189418 27379.7 319
1727975199499 31408.4 320
1727975209557 35336.4 321
1727975219614 34657.7 322
1727975229672 32324.1 323
1727975239727 29145.1 324
1727975249788 38821.4 325
1727975259891 40051.8 326
1727975270007 28865.8 327
1727975280082 34280.2 328
1727975290141 31050.4 329
1727975300300 28106.7 330
1727975310643 36334.8 331
1727975320761 31334.2 332
1727975330821 27372.8 333
1727975340877 30444.7 334
1727975350934 44620.9 335
1727975361005 29489.5 336
1727975371063 27122.9 337
1727975381122 39627.8 338
1727975391184 28974.5 339
1727975401240 31555.7 340
1727975411414 31285.3 341
1727975422043 28011.8 342
1727975432461 27916.5 343
1727975442620 39466.5 344
1727975452703 26537.6 345
1727975463039 29127.3 346
1727975473614 33183.2 347
1727975483912 30896.9 348
1727975493978 38343.7 349
1727975504035 32301.6 350
1727975514099 33791.3 351
1727975524258 27200.9 352
1727975534403 39748.7 353
1727975544534 28380.5 354
1727975554641 26797.5 355
1727975564699 30691.8 356
1727975574759 30311.2 357
1727975584895 35908.0 358
1727975595454 26581.3 359
1727975605781 27957.6 360
1727975615944 28091.2 361
1727975626545 39962.4 362
1727975636605 25434.9 363
1727975646664 30914.6 364
1727975656882 26529.0 365
1727975667298 29192.6 366
1727975677393 34450.7 367
1727975687454 25152.7 368
1727975697516 25916.1 369
1727975707676 27377.9 370
1727975718108 38340.0 371
1727975728164 25583.3 372
1727975738223 32022.8 373
1727975748281 29534.4 374
1727975758340 34289.8 375
1727975768403 28651.1 376
1727975778463 29273.4 377
1727975788522 25022.4 378
1727975798580 29373.4 379
1727975809172 30505.0 380
1727975819512 24604.1 381
1727975829660 28268.6 382
1727975839735 26012.7 383
1727975849793 39120.0 384
1727975859960 26815.9 385
1727975870495 28174.5 386
1727975880560 30918.4 387
1727975890620 31690.9 388
1727975900684 28491.8 389
1727975910742 29850.4 390
1727975920810 24757.0 391
1727975930871 26218.8 392
1727975941180 34374.8 393
1727975951546 24321.8 394
1727975961607 27541.8 395
1727975971692 29247.0 396
1727975981929 40721.3 397
1727975992991 24625.2 398
1727976003121 29943.4 399
1727976013190 30721.4 400
1727976023255 32456.4 401
1727976033469 29778.8 402
1727976043944 29535.2 403
1727976054100 25320.0 404
1727976064415 27621.5 405
1727976074476 30167.8 406
1727976084634 24893.5 407
1727976094713 27410.5 408
1727976104772 26264.9 409
1727976114835 39608.1 410
1727976124896 24367.2 411
1727976134956 28243.8 412
1727976145065 33246.6 413
1727976155366 30016.4 414
1727976166180 26614.7 415
1727976176650 30660.7 416
1727976186712 24841.9 417
1727976196771 28276.1 418
1727976207261 31220.5 419
1727976217640 24155.7 420
1727976227700 25628.9 421
1727976237762 25568.4 422
1727976247828 36393.2 423
1727976258017 24378.7 424
1727976268530 25122.8 425
1727976278919 29539.5 426
1727976288981 37193.8 427
1727976299043 27576.0 428
1727976309401 29241.0 429
1727976319577 31112.1 430
1727976329872 29708.5 431
1727976339932 29493.9 432
1727976349996 25539.0 433
1727976360066 25405.8 434
1727976370185 26138.2 435
1727976380486 38728.8 436
1727976391261 26875.2 437
1727976401693 25801.9 438
1727976411818 28190.9 439
1727976421879 31745.4 440
1727976431942 28561.1 441
1727976442010 29287.6 442
1727976452114 25766.6 443
1727976462189 33279.3 444
1727976472269 28940.1 445
1727976482333 24567.5 446
1727976492396 28813.9 447
1727976502460 29754.8 448
1727976512527 35992.9 449
1727976522691 31271.4 450
1727976532992 25387.0 451
1727976543121 33469.1 452
1727976553491 33807.7 453
1727976563553 24965.7 454
1727976573629 29523.8 455
1727976583702 27356.8 456
1727976593767 29857.7 457
1727976603829 28600.3 458
1727976614013 26340.1 459
1727976624241 25284.8 460
1727976634755 32071.6 461
1727976645137 33753.7 462
1727976655515 27111.2 463
1727976665576 28315.7 464
1727976675640 30630.9 465
1727976685711 31941.4 466
1727976695779 27983.7 467
1727976705840 27227.3 468
1727976716155 25369.3 469
1727976726561 34576.4 470
1727976736630 28581.1 471
1727976746704 27816.2 472
1727976756790 27611.3 473
1727976766960 30228.3 474
1727976777039 32145.6 475
1727976787101 24536.3 476
1727976797255 25291.8 477
1727976807447 30766.8 478
1727976817721 32030.5 479
1727976828278 24867.5 480
1727976838774 34276.2 481
1727976848980 25292.0 482
1727976859480 34984.1 483
1727976869880 26671.0 484
1727976879998 27234.0 485
1727976890123 25282.2 486
1727976900185 32292.7 487
1727976910249 30678.7 488
1727976920519 24604.4 489
1727976930582 24157.1 490
1727976940640 26415.3 491
1727976950908 33159.1 492
1727976961311 23883.7 493
1727976972018 26681.1 494
1727976982544 28074.1 495
1727976993069 35344.0 496
1727977003460 25558.3 497
1727977013518 31502.5 498
1727977023580 24800.3 499
1727977033644 31448.2 500
1727977043709 29693.5 501
1727977053773 24157.8 502
1727977063836 24529.4 503
1727977073901 31279.9 504
1727977083972 30718.8 505
1727977094039 24490.3 506
1727977104162 27216.0 507
1727977114233 25056.5 508
1727977124299 34373.3 509
1727977134566 23478.0 510
1727977144974 24495.8 511
1727977155038 27649.6 512
1727977165104 31090.1 513
1727977175320 27165.3 514
1727977185411 27305.1 515
1727977195477 26631.5 516
1727977205717 28282.3 517
1727977216073 34992.1 518
1727977226415 23565.7 519
1727977236811 28453.3 520
1727977246875 27457.6 521
1727977256945 31978.4 522
1727977267141 23451.9 523
1727977277557 26306.8 524
1727977287680 24065.1 525
1727977298150 29531.7 526
1727977308545 28534.2 527
1727977318626 23925.4 528
1727977328691 28936.3 529
1727977338763 28262.5 530
1727977348826 30730.6 531
1727977359006 23725.2 532
1727977369242 23656.2 533
1727977379665 23986.3 534
1727977389844 32951.1 535
1727977399918 24681.1 536
1727977409981 24764.4 537
1727977420050 28716.0 538
1727977430115 28193.3 539
1727977440277 28994.2 540
1727977450771 22435.7 541
1727977461303 25300.5 542
1727977471506 27228.0 543
1727977482051 27046.8 544
1727977492288 22795.3 545
1727977502356 23690.8 546
1727977512420 23999.3 547
