1727971947435 8.5 0
1727971957491 9.2 1
1727971967544 9.6 2
1727971977594 10.1 3
1727971987635 8.9 4
1727971997703 10.3 5
1727972007775 9.6 6
1727972017816 9.5 7
1727972027859 10.3 8
1727972037900 9.0 9
1727972047942 10.4 10
1727972057982 9.4 11
1727972068022 9.2 12
1727972078067 10.3 13
1727972088150 9.4 14
1727972098198 9.5 15
1727972108265 9.0 16
1727972118307 9.5 17
1727972128349 10.1 18
1727972138466 9.3 19
1727972148543 10.1 20
1727972158623 9.3 21
1727972168698 9.1 22
1727972178898 9.5 23
1727972189124 9.3 24
1727972199168 9.6 25
1727972209290 9.0 26
1727972219480 10.6 27
1727972230190 9.7 28
1727972240300 8.9 29
1727972250606 11.1 30
1727972261230 8.9 31
1727972271791 8.9 32
1727972282049 9.8 33
1727972292436 8.8 34
1727972302651 9.5 35
1727972312693 9.7 36
1727972322737 10.1 37
1727972332784 9.7 38
1727972342831 9.4 39
1727972353107 10.5 40
1727972363273 9.0 41
1727972373793 9.1 42
1727972384235 9.0 43
1727972394614 9.0 44
1727972404732 9.6 45
1727972414807 9.1 46
1727972424867 10.3 47
1727972435181 9.7 48
1727972445646 9.0 49
1727972455918 10.3 50
1727972466053 9.1 51
1727972476419 9.2 52
1727972486467 9.2 53
1727972496601 9.9 54
1727972506956 9.3 55
1727972517001 9.2 56
1727972527044 10.6 57
1727972537882 10.1 58
1727972548268 9.2 59
1727972558313 9.9 60
1727972568369 9.4 61
1727972578411 9.0 62
1727972588676 9.0 63
1727972599407 10.2 64
1727972609770 9.3 65
1727972620162 8.9 66
1727972630621 9.8 67
1727972640720 9.6 68
1727972650920 8.8 69
1727972661664 9.9 70
1727972671723 9.0 71
1727972682162 8.8 72
1727972692243 9.0 73
1727972702662 8.8 74
1727972713046 9.4 75
1727972723476 9.2 76
1727972733521 9.6 77
1727972743680 9.4 78
1727972754045 8.8 79
1727972764089 9.9 80
1727972774223 8.8 81
1727972784641 8.7 82
1727972794688 8.9 83
1727972805004 8.8 84
1727972815184 9.2 85
1727972825304 9.2 86
1727972835416 9.5 87
1727972845462 9.5 88
1727972855671 9.1 89
1727972865770 9.6 90
1727972875824 8.6 91
1727972885960 8.6 92
1727972896493 8.8 93
1727972906694 8.6 94
1727972917072 9.2 95
1727972927116 8.6 96
1727972937158 9.1 97
1727972947201 9.6 98
1727972957252 8.9 99
1727972967307 9.3 100
1727972977352 8.6 101
1727972987397 8.9 102
1727972997443 8.6 103
1727973007750 8.9 104
1727973018143 9.2 105
1727973028192 8.6 106
1727973038373 8.9 107
1727973048443 9.9 108
1727973058696 8.6 109
1727973068873 5.0 110
1727973078920 4.9 111
1727973088988 5.0 112
1727973099097 4.9 113
1727973109420 6.2 114
1727973119476 6.5 115
1727973129530 5.9 116
1727973139578 6.9 117
1727973149627 6.4 118
1727973159678 6.4 119
1727973169725 6.3 120
1727973179780 7.7 121
1727973189839 7.4 122
1727973199888 6.6 123
1727973209948 7.7 124
1727973220000 6.8 125
1727973230051 7.5 126
1727973240101 7.1 127
1727973250150 8.4 128
1727973260203 7.5 129
1727973270252 7.3 130
1727973280307 7.8 131
1727973290361 7.8 132
1727973300440 8.2 133
1727973310675 7.4 134
1727973321094 7.9 135
1727973331255 8.2 136
1727973341409 8.3 137
1727973351470 8.0 138
1727973361521 8.0 139
1727973371573 8.2 140
1727973381625 8.6 141
1727973391680 8.0 142
1727973401733 8.6 143
1727973411789 8.4 144
1727973421987 9.8 145
1727973432252 8.0 146
1727973442311 8.8 147
1727973452363 9.1 148
1727973462518 9.2 149
1727973473074 8.0 150
1727973483629 9.6 151
1727973493682 8.8 152
1727973503783 9.9 153
1727973514003 8.4 154
1727973524059 10.4 155
1727973534123 9.8 156
1727973544185 11.1 157
1727973554393 9.6 158
1727973564852 9.8 159
1727973574906 9.5 160
1727973584963 9.9 161
1727973595160 10.2 162
1727973605225 9.8 163
1727973615283 10.6 164
1727973625347 10.0 165
1727973635411 9.7 166
1727973645509 11.6 167
1727973655604 10.2 168
1727973665712 10.0 169
1727973675771 9.5 170
1727973685833 11.0 171
1727973695973 12.6 172
1727973706034 9.7 173
1727973716088 9.5 174
1727973726147 10.5 175
1727973736203 10.7 176
1727973746259 11.5 177
1727973756317 9.8 178
1727973766434 11.5 179
1727973776488 10.6 180
1727973786544 11.2 181
1727973796598 10.8 182
1727973806653 11.1 183
1727973816710 10.2 184
1727973826775 10.2 185
1727973836965 11.8 186
1727973847029 11.7 187
1727973857087 11.9 188
1727973867156 10.2 189
1727973877214 9.8 190
1727973887270 11.1 191
1727973897325 12.2 192
1727973907383 12.4 193
1727973917447 10.2 194
1727973927658 11.6 195
1727973937725 11.4 196
1727973947792 9.9 197
1727973957850 11.5 198
1727973967907 12.4 199
1727973977964 11.5 200
1727973988023 10.2 201
1727973998086 9.8 202
1727974008275 12.8 203
1727974018656 10.2 204
1727974028715 10.6 205
1727974038865 10.3 206
1727974049227 12.3 207
1727974059286 10.5 208
1727974069414 11.2 209
1727974079519 10.8 210
1727974089580 11.8 211
1727974099635 11.4 212
1727974109691 11.0 213
1727974119992 11.1 214
1727974130417 11.4 215
1727974140724 10.2 216
1727974150782 11.2 217
1727974160840 11.8 218
1727974170906 11.9 219
1727974181075 9.3 220
1727974191585 10.0 221
1727974201979 11.1 222
1727974212070 11.6 223
1727974222169 11.0 224
1727974232233 9.3 225
1727974242421 10.8 226
1727974252480 10.2 227
1727974262679 10.2 228
1727974272764 9.9 229
1727974282823 10.4 230
1727974292881 8.7 231
1727974302967 8.8 232
1727974313023 10.2 233
1727974323465 11.4 234
1727974333959 10.0 235
1727974344266 9.6 236
1727974354493 9.9 237
1727974364959 11.4 238
1727974375387 9.9 239
1727974385445 8.3 240
1727974395507 9.6 241
1727974405569 10.4 242
1727974415626 9.8 243
1727974425729 10.9 244
1727974435786 9.8 245
1727974445845 9.2 246
1727974455902 10.4 247
1727974465960 9.7 248
1727974476019 11.3 249
1727974486074 10.1 250
1727974496267 8.6 251
1727974506587 10.4 252
1727974516979 9.8 253
1727974527037 9.9 254
1727974537092 8.9 255
1727974547346 9.1 256
1727974557723 9.5 257
1727974567780 8.5 258
1727974577839 10.9 259
1727974588005 8.4 260
1727974598375 8.1 261
1727974608545 8.3 262
1727974618746 8.2 263
1727974628801 9.1 264
1727974638956 7.6 265
1727974649343 8.9 266
1727974659398 8.8 267
1727974669460 8.3 268
1727974679679 9.8 269
1727974689830 8.2 270
1727974699889 7.5 271
1727974710118 7.7 272
1727974720211 8.8 273
1727974730266 8.8 274
1727974740422 7.5 275
1727974750898 8.8 276
1727974761319 7.5 277
1727974771381 7.0 278
1727974781589 10.5 279
1727974792123 7.2 280
1727974802531 6.3 281
1727974812585 6.6 282
1727974822655 6.7 283
1727974832902 8.1 284
1727974843299 6.9 285
1727974853357 7.9 286
1727974863506 6.7 287
1727974874125 8.1 288
1727974884183 8.4 289
1727974894414 6.5 290
1727974904601 6.2 291
1727974914658 7.0 292
1727974924914 6.9 293
1727974935355 6.5 294
1727974945546 6.2 295
1727974955640 5.8 296
1727974965728 6.1 297
1727974975786 8.1 298
1727974985853 7.2 299
1727974996042 5.7 300
1727975006443 6.8 301
1727975016498 7.1 302
1727975026866 7.4 303
1727975037224 5.6 304
1727975047279 6.6 305
1727975057335 5.4 306
1727975067528 6.4 307
1727975077634 6.9 308
1727975087688 5.5 309
1727975097989 5.3 310
1727975108064 6.1 311
1727975118121 7.6 312
1727975128176 5.2 313
1727975138327 6.7 314
1727975148804 6.0 315
1727975159244 5.7 316
1727975169303 6.7 317
1727975179360 5.8 318
1727975189418 5.1 319
1727975199499 5.8 320
1727975209557 6.5 321
1727975219614 6.4 322
1727975229672 6.0 323
1727975239727 5.4 324
1727975249788 7.2 325
1727975259891 7.4 326
1727975270007 5.3 327
1727975280082 6.3 328
1727975290141 5.7 329
1727975300300 5.2 330
1727975310643 6.7 331
1727975320761 5.8 332
1727975330821 5.1 333
1727975340877 5.6 334
1727975350934 8.3 335
1727975361005 5.5 336
1727975371063 5.0 337
1727975381122 7.3 338
1727975391184 5.4 339
1727975401240 5.8 340
1727975411414 5.8 341
1727975422043 5.2 342
1727975432461 5.2 343
1727975442620 7.3 344
1727975452703 4.9 345
1727975463039 5.4 346
1727975473614 6.1 347
1727975483912 5.7 348
1727975493978 7.1 349
1727975504035 6.0 350
1727975514099 6.3 351
1727975524258 5.0 352
1727975534403 7.4 353
1727975544534 5.2 354
1727975554641 5.0 355
1727975564699 5.7 356
1727975574759 5.6 357
1727975584895 6.6 358
1727975595454 4.9 359
1727975605781 5.2 360
1727975615944 5.2 361
1727975626545 7.4 362
1727975636605 4.7 363
1727975646664 5.7 364
1727975656882 4.9 365
1727975667298 5.4 366
1727975677393 6.4 367
1727975687454 4.7 368
1727975697516 4.8 369
1727975707676 5.1 370
1727975718108 7.1 371
1727975728164 4.7 372
1727975738223 5.9 373
1727975748281 5.5 374
1727975758340 6.3 375
1727975768403 5.3 376
1727975778463 5.4 377
1727975788522 4.6 378
1727975798580 5.4 379
1727975809172 5.6 380
1727975819512 4.6 381
1727975829660 5.2 382
1727975839735 4.8 383
1727975849793 7.2 384
1727975859960 5.0 385
1727975870495 5.2 386
1727975880560 5.7 387
1727975890620 5.9 388
1727975900684 5.3 389
1727975910742 5.5 390
1727975920810 4.6 391
1727975930871 4.8 392
1727975941180 6.4 393
1727975951546 4.5 394
1727975961607 5.1 395
1727975971692 5.4 396
1727975981929 7.5 397
1727975992991 4.6 398
1727976003121 5.5 399
1727976013190 5.7 400
1727976023255 6.0 401
1727976033469 5.5 402
1727976043944 5.5 403
1727976054100 4.7 404
1727976064415 5.1 405
1727976074476 5.6 406
1727976084634 4.6 407
1727976094713 5.1 408
1727976104772 4.9 409
1727976114835 7.3 410
1727976124896 4.5 411
1727976134956 5.2 412
1727976145065 6.1 413
1727976155366 5.6 414
1727976166180 4.9 415
1727976176650 5.7 416
1727976186712 4.6 417
1727976196771 5.2 418
1727976207261 5.8 419
1727976217640 4.5 420
1727976227700 4.7 421
1727976237762 4.7 422
1727976247828 6.7 423
1727976258017 4.5 424
1727976268530 4.6 425
1727976278919 5.5 426
1727976288981 6.9 427
1727976299043 5.1 428
1727976309401 5.4 429
1727976319577 5.8 430
1727976329872 5.5 431
1727976339932 5.5 432
1727976349996 4.7 433
1727976360066 4.7 434
1727976370185 4.8 435
1727976380486 7.2 436
1727976391261 5.0 437
1727976401693 4.8 438
1727976411818 5.2 439
1727976421879 5.9 440
1727976431942 5.3 441
1727976442010 5.4 442
1727976452114 4.8 443
1727976462189 6.2 444
1727976472269 5.4 445
1727976482333 4.5 446
1727976492396 5.3 447
1727976502460 5.5 448
1727976512527 6.7 449
1727976522691 5.8 450
1727976532992 4.7 451
1727976543121 6.2 452
1727976553491 6.3 453
1727976563553 4.6 454
1727976573629 5.5 455
1727976583702 5.1 456
1727976593767 5.5 457
1727976603829 5.3 458
1727976614013 4.9 459
1727976624241 4.7 460
1727976634755 5.9 461
1727976645137 6.2 462
1727976655515 5.0 463
1727976665576 5.2 464
1727976675640 5.7 465
1727976685711 5.9 466
1727976695779 5.2 467
1727976705840 5.0 468
1727976716155 4.7 469
1727976726561 6.4 470
1727976736630 5.3 471
1727976746704 5.1 472
1727976756790 5.1 473
1727976766960 5.6 474
1727976777039 5.9 475
1727976787101 4.5 476
1727976797255 4.7 477
1727976807447 5.7 478
1727976817721 5.9 479
1727976828278 4.6 480
1727976838774 6.3 481
1727976848980 4.7 482
1727976859480 6.5 483
1727976869880 4.9 484
1727976879998 5.0 485
1727976890123 4.7 486
1727976900185 6.0 487
1727976910249 5.7 488
1727976920519 4.6 489
1727976930582 4.5 490
1727976940640 4.9 491
1727976950908 6.1 492
1727976961311 4.4 493
1727976972018 4.9 494
1727976982544 5.2 495
1727976993069 6.5 496
1727977003460 4.7 497
1727977013518 5.8 498
1727977023580 4.6 499
1727977033644 5.8 500
1727977043709 5.5 501
1727977053773 4.5 502
1727977063836 4.5 503
1727977073901 5.8 504
1727977083972 5.7 505
1727977094039 4.5 506
1727977104162 5.0 507
1727977114233 4.6 508
1727977124299 6.4 509
1727977134566 4.3 510
1727977144974 4.5 511
1727977155038 5.1 512
1727977165104 5.8 513
1727977175320 5.0 514
1727977185411 5.1 515
1727977195477 4.9 516
1727977205717 5.2 517
1727977216073 6.5 518
1727977226415 4.4 519
1727977236811 5.3 520
1727977246875 5.1 521
1727977256945 5.9 522
1727977267141 4.3 523
1727977277557 4.9 524
1727977287680 4.5 525
1727977298150 5.5 526
1727977308545 5.3 527
1727977318626 4.4 528
1727977328691 5.4 529
1727977338763 5.2 530
1727977348826 5.7 531
1727977359006 4.4 532
1727977369242 4.4 533
1727977379665 4.4 534
1727977389844 6.1 535
1727977399918 4.6 536
1727977409981 4.6 537
1727977420050 5.3 538
1727977430115 5.2 539
1727977440277 5.4 540
1727977450771 4.2 541
1727977461303 4.7 542
1727977471506 5.0 543
1727977482051 5.0 544
1727977492288 4.2 545
1727977502356 4.4 546
1727977512420 4.4 547
