1727615410382 24.0 0
1727615420515 42.3 1
1727615430943 33.0 2
1727615441096 31.2 3
1727615451183 35.3 4
1727615461305 34.3 5
1727615471422 41.7 6
1727615481511 38.8 7
1727615491613 32.4 8
1727615501754 33.9 9
1727615511878 35.5 10
1727615521988 32.6 11
1727615532096 43.2 12
1727615542323 38.9 13
1727615554638 48.7 14
1727615564741 74.9 15
1727615574841 30.0 16
1727615585091 49.7 17
1727615595373 34.1 18
1727615605526 36.6 19
1727615615637 46.3 20
1727615625720 38.0 21
1727615635808 24.0 22
1727615646019 30.5 23
1727615656284 31.7 24
1727615666453 41.2 25
1727615676578 33.2 26
1727615686671 37.9 27
1727615696814 50.9 28
1727615706914 41.9 29
1727615717014 47.7 30
1727615727169 34.8 31
1727615737365 71.5 32
1727615747489 47.8 33
1727615757631 39.7 34
1727615767770 28.9 35
1727615777916 31.7 36
1727615788203 45.1 37
1727615798447 34.8 38
1727615808585 42.3 39
1727615818666 40.6 40
1727615828768 44.5 41
1727615838918 37.6 42
1727615849194 35.0 43
1727615859312 29.2 44
1727615869397 35.6 45
1727615879487 36.6 46
1727615889683 34.7 47
1727615900014 36.8 48
1727615910257 51.9 49
1727615920533 70.0 50
1727615930713 42.9 51
1727615940867 49.8 52
1727615951008 49.2 53
1727615961142 47.7 54
1727615971304 41.3 55
1727615981429 46.0 56
1727615991551 26.7 57
1727616001684 81.1 58
1727616011822 29.9 59
1727616021978 59.1 60
1727616032114 54.2 61
1727616042273 36.3 62
1727616052402 33.3 63
1727616062535 29.2 64
1727616072634 45.3 65
1727616082725 35.3 66
1727616092846 37.3 67
1727616103110 66.6 68
1727616113229 39.0 69
1727616123435 46.4 70
1727616133630 77.9 71
1727616143839 82.3 72
1727616154028 96.2 73
1727616164157 99.9 74
1727616174391 85.8 75
1727616184744 34.3 76
1727616195046 57.7 77
1727616205166 40.9 78
1727616215286 42.4 79
1727616225401 47.6 80
1727616235483 35.2 81
1727616245582 38.8 82
1727616255680 45.1 83
1727616265833 35.9 84
1727616276011 53.3 85
1727616286228 43.8 86
1727616296441 38.5 87
1727616306723 55.3 88
1727616317023 76.4 89
1727616327254 51.7 90
1727616337415 48.4 91
1727616347572 36.4 92
1727616357727 22.5 93
1727616367824 17.2 94
1727616377895 17.1 95
1727616387960 22.0 96
1727616398060 22.6 97
