1727615410382 91372.7 0
1727615420515 91372.7 1
1727615430943 91372.7 2
1727615441096 91372.2 3
1727615451183 91371.9 4
1727615461305 91371.9 5
1727615471422 91370.9 6
1727615481511 91370.7 7
1727615491613 91370.5 8
1727615501754 91370.5 9
1727615511878 91370.4 10
1727615521988 91369.1 11
1727615532096 91371.8 12
1727615542323 91371.6 13
1727615554638 91373.2 14
1727615564741 91372.8 15
1727615574841 91373.2 16
1727615585091 91373.1 17
1727615595373 91373.1 18
1727615605526 91373.1 19
1727615615637 91373.0 20
1727615625720 91373.0 21
1727615635808 91372.5 22
1727615646019 91372.4 23
1727615656284 91372.3 24
1727615666453 91372.2 25
1727615676578 91372.2 26
1727615686671 91372.1 27
1727615696814 91371.2 28
1727615706914 91370.4 29
1727615717014 91369.4 30
1727615727169 91369.3 31
1727615737365 91363.9 32
1727615747489 91360.9 33
1727615757631 91380.7 34
1727615767770 91380.7 35
1727615777916 91380.0 36
1727615788203 91379.5 37
1727615798447 91379.3 38
1727615808585 91338.4 39
1727615818666 91338.4 40
1727615828768 91338.4 41
1727615838918 91340.9 42
1727615849194 91340.6 43
1727615859312 91340.6 44
1727615869397 91340.6 45
1727615879487 91340.6 46
1727615889683 91340.5 47
1727615900014 91340.4 48
1727615910257 91340.3 49
1727615920533 91340.2 50
1727615930713 91340.2 51
1727615940867 91340.1 52
1727615951008 91341.1 53
1727615961142 91341.1 54
1727615971304 91340.8 55
1727615981429 91340.7 56
1727615991551 91340.7 57
1727616001684 91328.9 58
1727616011822 91329.1 59
1727616021978 91340.0 60
1727616032114 91317.3 61
1727616042273 91248.1 62
1727616052402 91248.1 63
1727616062535 91248.1 64
1727616072634 91292.2 65
1727616082725 91292.2 66
1727616092846 91291.9 67
1727616103110 91291.2 68
1727616113229 91291.2 69
1727616123435 91291.7 70
1727616133630 91290.2 71
1727616143839 91291.7 72
1727616154028 91275.7 73
1727616164157 91287.1 74
1727616174391 91286.0 75
1727616184744 91285.8 76
1727616195046 91285.6 77
1727616205166 91244.7 78
1727616215286 91286.2 79
1727616225401 91226.0 80
1727616235483 91212.9 81
1727616245582 91214.9 82
1727616255680 91214.9 83
1727616265833 91214.3 84
1727616276011 91214.0 85
1727616286228 91214.0 86
1727616296441 91222.4 87
1727616306723 91222.3 88
1727616317023 91256.8 89
1727616327254 91336.0 90
1727616337415 91334.4 91
1727616347572 91430.7 92
1727616357727 91428.6 93
1727616367824 91430.6 94
1727616377895 91430.6 95
1727616387960 91430.3 96
1727616398060 91430.2 97
