1727615410382 82.1 0
1727615420515 82.1 1
1727615430943 82.1 2
1727615441096 82.1 3
1727615451183 82.1 4
1727615461305 82.1 5
1727615471422 82.1 6
1727615481511 82.1 7
1727615491613 82.1 8
1727615501754 82.1 9
1727615511878 82.1 10
1727615521988 82.1 11
1727615532096 82.1 12
1727615542323 82.1 13
1727615554638 82.1 14
1727615564741 82.1 15
1727615574841 82.1 16
1727615585091 82.1 17
1727615595373 82.1 18
1727615605526 82.1 19
1727615615637 82.1 20
1727615625720 82.1 21
1727615635808 82.1 22
1727615646019 82.1 23
1727615656284 82.1 24
1727615666453 82.1 25
1727615676578 82.1 26
1727615686671 82.1 27
1727615696814 82.1 28
1727615706914 82.1 29
1727615717014 82.1 30
1727615727169 82.1 31
1727615737365 82.1 32
1727615747489 82.1 33
1727615757631 82.1 34
1727615767770 82.1 35
1727615777916 82.1 36
1727615788203 82.1 37
1727615798447 82.1 38
1727615808585 82.1 39
1727615818666 82.1 40
1727615828768 82.1 41
1727615838918 82.1 42
1727615849194 82.1 43
1727615859312 82.1 44
1727615869397 82.1 45
1727615879487 82.1 46
1727615889683 82.1 47
1727615900014 82.1 48
1727615910257 82.1 49
1727615920533 82.1 50
1727615930713 82.1 51
1727615940867 82.1 52
1727615951008 82.1 53
1727615961142 82.1 54
1727615971304 82.1 55
1727615981429 82.1 56
1727615991551 82.1 57
1727616001684 82.1 58
1727616011822 82.1 59
1727616021978 82.1 60
1727616032114 82.1 61
1727616042273 82.1 62
1727616052402 82.1 63
1727616062535 82.1 64
1727616072634 82.1 65
1727616082725 82.1 66
1727616092846 82.1 67
1727616103110 82.1 68
1727616113229 82.1 69
1727616123435 82.1 70
1727616133630 82.1 71
1727616143839 82.1 72
1727616154028 82.1 73
1727616164157 82.1 74
1727616174391 82.1 75
1727616184744 82.1 76
1727616195046 82.1 77
1727616205166 82.1 78
1727616215286 82.1 79
1727616225401 82.2 80
1727616235483 82.2 81
1727616245582 82.2 82
1727616255680 82.2 83
1727616265833 82.2 84
1727616276011 82.2 85
1727616286228 82.2 86
1727616296441 82.2 87
1727616306723 82.2 88
1727616317023 82.1 89
1727616327254 82.1 90
1727616337415 82.1 91
1727616347572 82.1 92
1727616357727 82.1 93
1727616367824 82.1 94
1727616377895 82.1 95
1727616387960 82.1 96
1727616398060 82.1 97
