1727615410382 419764.4 0
1727615420515 419764.4 1
1727615430943 419764.4 2
1727615441096 419764.9 3
1727615451183 419765.2 4
1727615461305 419765.2 5
1727615471422 419766.2 6
1727615481511 419766.4 7
1727615491613 419766.6 8
1727615501754 419766.6 9
1727615511878 419766.7 10
1727615521988 419768.0 11
1727615532096 419765.2 12
1727615542323 419765.5 13
1727615554638 419763.9 14
1727615564741 419764.3 15
1727615574841 419763.9 16
1727615585091 419764.0 17
1727615595373 419764.0 18
1727615605526 419764.0 19
1727615615637 419764.1 20
1727615625720 419764.1 21
1727615635808 419764.6 22
1727615646019 419764.6 23
1727615656284 419764.8 24
1727615666453 419764.8 25
1727615676578 419764.9 26
1727615686671 419765.0 27
1727615696814 419765.9 28
1727615706914 419766.7 29
1727615717014 419767.7 30
1727615727169 419767.8 31
1727615737365 419773.2 32
1727615747489 419776.2 33
1727615757631 419756.4 34
1727615767770 419756.4 35
1727615777916 419757.0 36
1727615788203 419757.6 37
1727615798447 419757.8 38
1727615808585 419798.7 39
1727615818666 419798.7 40
1727615828768 419798.7 41
1727615838918 419796.2 42
1727615849194 419796.5 43
1727615859312 419796.5 44
1727615869397 419796.5 45
1727615879487 419796.5 46
1727615889683 419796.6 47
1727615900014 419796.6 48
1727615910257 419796.8 49
1727615920533 419796.8 50
1727615930713 419796.9 51
1727615940867 419797.0 52
1727615951008 419796.0 53
1727615961142 419796.0 54
1727615971304 419796.3 55
1727615981429 419796.4 56
1727615991551 419796.4 57
1727616001684 419808.2 58
1727616011822 419808.0 59
1727616021978 419797.1 60
1727616032114 419819.8 61
1727616042273 419889.0 62
1727616052402 419889.0 63
1727616062535 419889.0 64
1727616072634 419844.9 65
1727616082725 419844.9 66
1727616092846 419845.2 67
1727616103110 419845.9 68
1727616113229 419845.9 69
1727616123435 419845.4 70
1727616133630 419846.9 71
1727616143839 419845.4 72
1727616154028 419861.4 73
1727616164157 419850.0 74
1727616174391 419851.1 75
1727616184744 419851.3 76
1727616195046 419851.5 77
1727616205166 419892.4 78
1727616215286 419850.9 79
1727616225401 419911.1 80
1727616235483 419924.2 81
1727616245582 419922.1 82
1727616255680 419922.2 83
1727616265833 419922.8 84
1727616276011 419923.1 85
1727616286228 419923.1 86
1727616296441 419914.7 87
1727616306723 419914.8 88
1727616317023 419880.3 89
1727616327254 419801.1 90
1727616337415 419802.7 91
1727616347572 419706.4 92
1727616357727 419708.5 93
1727616367824 419706.5 94
1727616377895 419706.5 95
1727616387960 419706.8 96
1727616398060 419706.9 97
