1727615410382 15.3 0
1727615420515 14.5 1
1727615430943 13.3 2
1727615441096 14.1 3
1727615451183 13.6 4
1727615461305 14.0 5
1727615471422 13.7 6
1727615481511 14.0 7
1727615491613 14.1 8
1727615501754 14.4 9
1727615511878 13.4 10
1727615521988 13.4 11
1727615532096 13.8 12
1727615542323 14.0 13
1727615554638 13.0 14
1727615564741 14.7 15
1727615574841 14.1 16
1727615585091 15.5 17
1727615595373 13.6 18
1727615605526 13.7 19
1727615615637 16.6 20
1727615625720 14.2 21
1727615635808 13.9 22
1727615646019 14.6 23
1727615656284 14.5 24
1727615666453 16.6 25
1727615676578 14.5 26
1727615686671 14.4 27
1727615696814 14.7 28
1727615706914 16.3 29
1727615717014 14.4 30
1727615727169 14.7 31
1727615737365 14.6 32
1727615747489 12.9 33
1727615757631 14.3 34
1727615767770 14.6 35
1727615777916 14.6 36
1727615788203 15.1 37
1727615798447 15.1 38
1727615808585 14.3 39
1727615818666 14.6 40
1727615828768 18.2 41
1727615838918 14.4 42
1727615849194 13.1 43
1727615859312 13.9 44
1727615869397 14.2 45
1727615879487 15.1 46
1727615889683 15.1 47
1727615900014 13.7 48
1727615910257 15.1 49
1727615920533 16.0 50
1727615930713 12.6 51
1727615940867 12.8 52
1727615951008 11.0 53
1727615961142 11.8 54
1727615971304 12.5 55
1727615981429 11.8 56
1727615991551 10.9 57
1727616001684 12.4 58
1727616011822 11.2 59
1727616021978 12.8 60
1727616032114 16.2 61
1727616042273 29.9 62
1727616052402 40.1 63
1727616062535 29.8 64
1727616072634 29.4 65
1727616082725 28.4 66
1727616092846 33.0 67
1727616103110 14.2 68
1727616113229 11.4 69
1727616123435 10.9 70
1727616133630 14.1 71
1727616143839 12.3 72
1727616154028 12.9 73
1727616164157 12.1 74
1727616174391 13.4 75
1727616184744 14.7 76
1727616195046 16.8 77
1727616205166 14.3 78
1727616215286 14.0 79
1727616225401 13.7 80
1727616235483 13.8 81
1727616245582 13.5 82
1727616255680 13.1 83
1727616265833 13.7 84
1727616276011 15.5 85
1727616286228 13.3 86
1727616296441 13.7 87
1727616306723 13.4 88
1727616317023 13.9 89
1727616327254 15.6 90
1727616337415 15.4 91
1727616347572 12.7 92
1727616357727 13.1 93
1727616367824 13.3 94
1727616377895 15.3 95
1727616387960 16.1 96
1727616398060 14.0 97
