1727615410382 328.6 0
1727615420515 311.9 1
1727615430943 285.7 2
1727615441096 302.7 3
1727615451183 291.8 4
1727615461305 301.0 5
1727615471422 293.3 6
1727615481511 300.7 7
1727615491613 302.1 8
1727615501754 309.9 9
1727615511878 287.4 10
1727615521988 288.1 11
1727615532096 296.8 12
1727615542323 300.6 13
1727615554638 278.3 14
1727615564741 315.9 15
1727615574841 302.4 16
1727615585091 332.8 17
1727615595373 291.7 18
1727615605526 294.1 19
1727615615637 357.4 20
1727615625720 306.0 21
1727615635808 297.5 22
1727615646019 312.6 23
1727615656284 312.1 24
1727615666453 355.5 25
1727615676578 312.2 26
1727615686671 308.8 27
1727615696814 316.0 28
1727615706914 350.1 29
1727615717014 308.8 30
1727615727169 316.4 31
1727615737365 314.1 32
1727615747489 277.1 33
1727615757631 308.1 34
1727615767770 313.7 35
1727615777916 314.0 36
1727615788203 323.3 37
1727615798447 323.7 38
1727615808585 307.9 39
1727615818666 314.0 40
1727615828768 390.7 41
1727615838918 308.6 42
1727615849194 280.6 43
1727615859312 299.3 44
1727615869397 305.8 45
1727615879487 324.5 46
1727615889683 323.7 47
1727615900014 294.9 48
1727615910257 324.6 49
1727615920533 344.0 50
1727615930713 271.3 51
1727615940867 274.5 52
1727615951008 236.8 53
1727615961142 253.8 54
1727615971304 269.1 55
1727615981429 254.4 56
1727615991551 234.5 57
1727616001684 266.5 58
1727616011822 240.6 59
1727616021978 274.1 60
1727616032114 347.1 61
1727616042273 641.5 62
1727616052402 861.3 63
1727616062535 640.9 64
1727616072634 631.1 65
1727616082725 610.8 66
1727616092846 708.1 67
1727616103110 305.2 68
1727616113229 245.0 69
1727616123435 233.9 70
1727616133630 303.7 71
1727616143839 264.8 72
1727616154028 277.1 73
1727616164157 259.7 74
1727616174391 287.8 75
1727616184744 316.5 76
1727616195046 360.1 77
1727616205166 306.5 78
1727616215286 301.3 79
1727616225401 294.2 80
1727616235483 296.3 81
1727616245582 289.7 82
1727616255680 280.4 83
1727616265833 293.9 84
1727616276011 332.3 85
1727616286228 286.4 86
1727616296441 293.4 87
1727616306723 288.8 88
1727616317023 299.2 89
1727616327254 334.3 90
1727616337415 330.6 91
1727616347572 272.2 92
1727616357727 282.1 93
1727616367824 284.6 94
1727616377895 328.9 95
1727616387960 346.2 96
1727616398060 301.0 97
