1727615410382 18.0 0
1727615420515 16.0 1
1727615430943 20.0 2
1727615441096 12.0 3
1727615451183 16.0 4
1727615461305 16.0 5
1727615471422 16.0 6
1727615481511 12.0 7
1727615491613 31.0 8
1727615501754 30.0 9
1727615511878 16.0 10
1727615521988 16.0 11
1727615532096 16.0 12
1727615542323 18.0 13
1727615554638 17.0 14
1727615564741 27.0 15
1727615574841 16.0 16
1727615585091 17.0 17
1727615595373 17.0 18
1727615605526 17.0 19
1727615615637 17.0 20
1727615625720 16.0 21
1727615635808 15.0 22
1727615646019 16.0 23
1727615656284 16.0 24
1727615666453 32.0 25
1727615676578 18.0 26
1727615686671 16.0 27
1727615696814 18.0 28
1727615706914 18.0 29
1727615717014 16.0 30
1727615727169 26.0 31
1727615737365 16.0 32
1727615747489 33.0 33
1727615757631 17.0 34
1727615767770 18.0 35
1727615777916 18.0 36
1727615788203 17.0 37
1727615798447 33.0 38
1727615808585 25.0 39
1727615818666 17.0 40
1727615828768 15.0 41
1727615838918 17.0 42
1727615849194 16.0 43
1727615859312 30.0 44
1727615869397 29.0 45
1727615879487 35.0 46
1727615889683 29.0 47
1727615900014 17.0 48
1727615910257 16.0 49
1727615920533 18.0 50
1727615930713 16.0 51
1727615940867 17.0 52
1727615951008 16.0 53
1727615961142 15.0 54
1727615971304 16.0 55
1727615981429 15.0 56
1727615991551 20.0 57
1727616001684 13.0 58
1727616011822 30.0 59
1727616021978 12.0 60
1727616032114 28.0 61
1727616042273 12.0 62
1727616052402 29.0 63
1727616062535 13.0 64
1727616072634 16.0 65
1727616082725 15.0 66
1727616092846 19.0 67
1727616103110 17.0 68
1727616113229 17.0 69
1727616123435 16.0 70
1727616133630 42.0 71
1727616143839 26.0 72
1727616154028 24.0 73
1727616164157 25.0 74
1727616174391 16.0 75
1727616184744 16.0 76
1727616195046 31.0 77
1727616205166 16.0 78
1727616215286 50.0 79
1727616225401 20.0 80
1727616235483 21.0 81
1727616245582 65.0 82
1727616255680 28.0 83
1727616265833 20.0 84
1727616276011 17.0 85
1727616286228 17.0 86
1727616296441 16.0 87
1727616306723 66.0 88
1727616317023 24.0 89
1727616327254 22.0 90
1727616337415 33.0 91
1727616347572 16.0 92
1727616357727 17.0 93
1727616367824 23.0 94
1727616377895 17.0 95
1727616387960 14.0 96
1727616398060 16.0 97
