1727615410382 0.0 0
1727615420515 0.5171610000000015 1
1727615430943 1.021568000000002 2
1727615441096 1.8177239999999983 3
1727615451183 2.5784440000000046 4
1727615461305 3.221622999999994 5
1727615471422 4.190596999999997 6
1727615481511 5.019136000000003 7
1727615491613 6.126031999999995 8
1727615501754 7.090429 9
1727615511878 8.446603999999994 10
1727615521988 9.489654000000002 11
1727615532096 11.011104000000003 12
1727615542323 12.648943000000003 13
1727615554638 14.529443999999998 14
1727615564741 16.589074999999994 15
1727615574841 17.654139999999998 16
1727615585091 19.300843 17
1727615595373 21.622414000000006 18
1727615605526 23.444851999999997 19
1727615615637 25.576161 20
1727615625720 27.135379 21
1727615635808 29.822101000000004 22
1727615646019 32.65332000000001 23
1727615656284 34.487876 24
1727615666453 37.44983500000001 25
1727615676578 39.591756000000004 26
1727615686671 42.915504 27
1727615696814 45.476257000000004 28
1727615706914 47.88398599999999 29
1727615717014 51.72670600000001 30
1727615727169 53.853714999999994 31
1727615737365 55.971529000000004 32
1727615747489 58.293364999999994 33
1727615757631 61.89336800000001 34
1727615767770 64.832558 35
1727615777916 68.29707099999999 36
1727615788203 71.17229 37
1727615798447 75.30610999999999 38
1727615808585 77.95879500000001 39
1727615818666 82.81712300000001 40
1727615828768 85.497926 41
1727615838918 88.66199399999999 42
1727615849194 93.82069000000001 43
1727615859312 98.111682 44
1727615869397 101.98542800000001 45
1727615879487 105.370824 46
1727615889683 110.471631 47
1727615900014 113.51952800000001 48
1727615910257 117.62687299999999 49
1727615920533 120.92173700000001 50
1727615930713 126.54819699999999 51
1727615940867 130.391059 52
1727615951008 133.665265 53
1727615961142 139.178814 54
1727615971304 143.099137 55
1727615981429 146.985746 56
1727615991551 152.841475 57
1727616001684 156.96485199999998 58
1727616011822 160.354639 59
1727616021978 164.61749899999998 60
1727616032114 171.21875400000002 61
1727616042273 174.707637 62
1727616052402 180.34681300000003 63
1727616062535 185.395209 64
1727616072634 190.49206999999998 65
1727616082725 196.416053 66
1727616092846 200.918377 67
1727616103110 205.247014 68
1727616113229 210.09307199999998 69
1727616123435 216.526061 70
1727616133630 219.072238 71
1727616143839 221.52845699999997 72
1727616154028 225.83082 73
1727616164157 227.030378 74
1727616174391 231.495573 75
1727616184744 236.399754 76
1727616195046 240.89400400000002 77
1727616205166 247.77542300000002 78
1727616215286 253.07711200000003 79
1727616225401 257.59404500000005 80
1727616235483 266.587706 81
1727616245582 271.248963 82
1727616255680 275.84517600000004 83
1727616265833 285.322856 84
1727616276011 290.79509800000005 85
1727616286228 296.634827 86
1727616296441 302.383097 87
1727616306723 309.206904 88
1727616317023 313.286796 89
1727616327254 319.099458 90
1727616337415 327.03676599999994 91
1727616347572 329.229686 92
1727616357727 330.355149 93
1727616367824 331.42202599999996 94
1727616377895 332.588931 95
1727616387960 333.863379 96
1727616398060 334.955383 97
