1727615410382 0.0 0
1727615420515 0.024102999999968233 1
1727615430943 0.11928499999999076 2
1727615441096 0.28099900000000844 3
1727615451183 0.3296649999999772 4
1727615461305 0.35153700000000754 5
1727615471422 0.672395999999992 6
1727615481511 0.7345439999999712 7
1727615491613 0.7527789999999754 8
1727615501754 0.7942929999999819 9
1727615511878 0.8388079999999718 10
1727615521988 0.857469999999978 11
1727615532096 0.9099009999999907 12
1727615542323 1.0069289999999569 13
1727615554638 1.0900729999999612 14
1727615564741 1.2267830000000117 15
1727615574841 1.2711219999999912 16
1727615585091 1.4008670000000052 17
1727615595373 1.5046429999999873 18
1727615605526 1.572642999999971 19
1727615615637 1.6149780000000078 20
1727615625720 1.6984659999999963 21
1727615635808 1.7359920000000102 22
1727615646019 1.7691169999999943 23
1727615656284 1.790661 24
1727615666453 1.9205119999999738 25
1727615676578 2.0566129999999703 26
1727615686671 2.1880329999999617 27
1727615696814 2.290817000000004 28
1727615706914 2.402661999999964 29
1727615717014 2.483879999999999 30
1727615727169 2.5610439999999812 31
1727615737365 2.9444519999999557 32
1727615747489 3.6284410000000094 33
1727615757631 3.6985770000000002 34
1727615767770 3.7385130000000117 35
1727615777916 3.815192999999965 36
1727615788203 3.8915509999999927 37
1727615798447 3.926198999999997 38
1727615808585 4.000563 39
1727615818666 4.067391999999984 40
1727615828768 4.108407999999997 41
1727615838918 4.186651999999981 42
1727615849194 4.275046999999972 43
1727615859312 4.331209999999999 44
1727615869397 4.388573000000008 45
1727615879487 4.416700999999989 46
1727615889683 4.462237999999957 47
1727615900014 4.503382999999985 48
1727615910257 4.676998999999967 49
1727615920533 4.73154199999999 50
1727615930713 4.8505289999999945 51
1727615940867 4.972474999999974 52
1727615951008 5.05225999999999 53
1727615961142 5.148311999999976 54
1727615971304 5.186441000000002 55
1727615981429 5.2502529999999865 56
1727615991551 5.34226799999999 57
1727616001684 5.660521999999958 58
1727616011822 5.713468999999975 59
1727616021978 6.725606999999968 60
1727616032114 43.124626999999975 61
1727616042273 43.15472699999998 62
1727616052402 43.19538899999998 63
1727616062535 43.243934999999965 64
1727616072634 43.28425999999996 65
1727616082725 43.32894299999998 66
1727616092846 43.35517199999998 67
1727616103110 43.461933999999985 68
1727616113229 43.52736299999998 69
1727616123435 43.571207999999956 70
1727616133630 43.789814999999976 71
1727616143839 44.121321999999964 72
1727616154028 44.86471399999999 73
1727616164157 48.567702999999995 74
1727616174391 52.77204499999999 75
1727616184744 52.89546999999999 76
1727616195046 53.064685 77
1727616205166 53.545304999999985 78
1727616215286 53.74810600000001 79
1727616225401 53.91517399999998 80
1727616235483 55.022132 81
1727616245582 55.26619099999999 82
1727616255680 55.304734999999994 83
1727616265833 55.465416000000005 84
1727616276011 55.55222900000001 85
1727616286228 55.655846 86
1727616296441 55.71022799999997 87
1727616306723 55.85613999999998 88
1727616317023 55.98339099999998 89
1727616327254 56.07307099999997 90
1727616337415 57.44743999999997 91
1727616347572 57.52065899999997 92
1727616357727 57.568850999999995 93
1727616367824 57.72249799999997 94
1727616377895 57.79704399999997 95
1727616387960 57.86746299999999 96
1727616398060 58.012959999999964 97
