1727615410382 63.6 0
1727615420515 63.9 1
1727615430943 63.6 2
1727615441096 64.1 3
1727615451183 63.6 4
1727615461305 64.0 5
1727615471422 63.7 6
1727615481511 64.0 7
1727615491613 63.6 8
1727615501754 64.2 9
1727615511878 63.8 10
1727615521988 62.7 11
1727615532096 62.9 12
1727615542323 63.5 13
1727615554638 64.6 14
1727615564741 65.3 15
1727615574841 65.1 16
1727615585091 63.8 17
1727615595373 63.9 18
1727615605526 63.9 19
1727615615637 64.4 20
1727615625720 64.3 21
1727615635808 63.8 22
1727615646019 63.5 23
1727615656284 62.9 24
1727615666453 63.3 25
1727615676578 63.3 26
1727615686671 63.6 27
1727615696814 63.7 28
1727615706914 63.5 29
1727615717014 63.6 30
1727615727169 64.3 31
1727615737365 66.5 32
1727615747489 65.4 33
1727615757631 66.1 34
1727615767770 65.9 35
1727615777916 66.1 36
1727615788203 65.8 37
1727615798447 65.5 38
1727615808585 65.8 39
1727615818666 65.1 40
1727615828768 65.3 41
1727615838918 64.4 42
1727615849194 64.7 43
1727615859312 64.4 44
1727615869397 64.1 45
1727615879487 63.6 46
1727615889683 64.0 47
1727615900014 63.3 48
1727615910257 63.1 49
1727615920533 63.7 50
1727615930713 64.1 51
1727615940867 63.7 52
1727615951008 63.0 53
1727615961142 63.0 54
1727615971304 65.1 55
1727615981429 64.8 56
1727615991551 64.8 57
1727616001684 66.7 58
1727616011822 65.7 59
1727616021978 66.3 60
1727616032114 67.8 61
1727616042273 68.0 62
1727616052402 67.5 63
1727616062535 67.0 64
1727616072634 64.7 65
1727616082725 65.5 66
1727616092846 67.0 67
1727616103110 65.4 68
1727616113229 64.7 69
1727616123435 64.2 70
1727616133630 67.1 71
1727616143839 67.8 72
1727616154028 69.6 73
1727616164157 71.9 74
1727616174391 71.5 75
1727616184744 70.7 76
1727616195046 70.4 77
1727616205166 70.0 78
1727616215286 68.0 79
1727616225401 67.6 80
1727616235483 67.0 81
1727616245582 67.4 82
1727616255680 66.9 83
1727616265833 67.1 84
1727616276011 67.3 85
1727616286228 67.5 86
1727616296441 66.8 87
1727616306723 68.2 88
1727616317023 66.3 89
1727616327254 63.6 90
1727616337415 63.8 91
1727616347572 62.4 92
1727616357727 62.0 93
1727616367824 61.8 94
1727616377895 62.2 95
1727616387960 62.8 96
1727616398060 62.7 97
