1727615410382 10807.7 0
1727615420515 10859.5 1
1727615430943 10801.9 2
1727615441096 10890.5 3
1727615451183 10807.4 4
1727615461305 10862.7 5
1727615471422 10820.8 6
1727615481511 10867.6 7
1727615491613 10808.5 8
1727615501754 10902.9 9
1727615511878 10836.1 10
1727615521988 10650.7 11
1727615532096 10691.9 12
1727615542323 10777.9 13
1727615554638 10976.8 14
1727615564741 11088.8 15
1727615574841 11052.2 16
1727615585091 10840.7 17
1727615595373 10851.0 18
1727615605526 10860.1 19
1727615615637 10943.0 20
1727615625720 10927.3 21
1727615635808 10843.0 22
1727615646019 10784.8 23
1727615656284 10676.8 24
1727615666453 10746.4 25
1727615676578 10752.4 26
1727615686671 10799.2 27
1727615696814 10823.1 28
1727615706914 10781.0 29
1727615717014 10797.0 30
1727615727169 10913.9 31
1727615737365 11287.6 32
1727615747489 11100.3 33
1727615757631 11218.9 34
1727615767770 11192.5 35
1727615777916 11224.1 36
1727615788203 11182.8 37
1727615798447 11125.5 38
1727615808585 11174.1 39
1727615818666 11055.6 40
1727615828768 11090.8 41
1727615838918 10940.7 42
1727615849194 10993.5 43
1727615859312 10936.5 44
1727615869397 10887.4 45
1727615879487 10809.6 46
1727615889683 10868.6 47
1727615900014 10747.9 48
1727615910257 10710.7 49
1727615920533 10819.1 50
1727615930713 10891.7 51
1727615940867 10822.8 52
1727615951008 10708.2 53
1727615961142 10693.1 54
1727615971304 11061.5 55
1727615981429 11005.3 56
1727615991551 11010.0 57
1727616001684 11328.3 58
1727616011822 11151.0 59
1727616021978 11269.0 60
1727616032114 11511.6 61
1727616042273 11545.3 62
1727616052402 11469.9 63
1727616062535 11387.8 64
1727616072634 10989.3 65
1727616082725 11117.7 66
1727616092846 11384.8 67
1727616103110 11105.3 68
1727616113229 10988.0 69
1727616123435 10901.1 70
1727616133630 11392.2 71
1727616143839 11519.8 72
1727616154028 11821.3 73
1727616164157 12204.1 74
1727616174391 12144.3 75
1727616184744 12010.5 76
1727616195046 11964.9 77
1727616205166 11891.4 78
1727616215286 11549.3 79
1727616225401 11488.0 80
1727616235483 11373.9 81
1727616245582 11452.6 82
1727616255680 11362.5 83
1727616265833 11396.3 84
1727616276011 11426.2 85
1727616286228 11457.6 86
1727616296441 11353.3 87
1727616306723 11584.8 88
1727616317023 11264.3 89
1727616327254 10798.9 90
1727616337415 10843.0 91
1727616347572 10598.4 92
1727616357727 10529.2 93
1727616367824 10498.9 94
1727616377895 10558.7 95
1727616387960 10664.7 96
1727616398060 10643.5 97
