1727961080295 0.003461986780166626 0
1727961090356 1.0852109789848328 1
1727961100401 1.9290579855442047 2
1727961110437 4.221749991178513 3
1727961120477 5.569498986005783 4
1727961130515 6.638545989990234 5
1727961140557 7.901879996061325 6
1727961150603 8.779348999261856 7
1727961160640 9.800034999847412 8
1727961170679 10.434679985046387 9
1727961180726 11.326839983463287 10
1727961190833 12.419543981552124 11
1727961200883 13.395512998104095 12
1727961210922 14.327984988689423 13
1727961220961 15.195424973964691 14
1727961230999 16.25580397248268 15
1727961241039 17.184923976659775 16
