1727961080295 0.005066007375717163 0
1727961090356 1.1244780123233795 1
1727961100401 2.0021380186080933 2
1727961110437 4.04923602938652 3
1727961120477 5.349040001630783 4
1727961130515 6.398207008838654 5
1727961140557 7.692379027605057 6
1727961150603 8.577463001012802 7
1727961160640 9.665038019418716 8
1727961170679 10.25534600019455 9
1727961180726 11.09712302684784 10
1727961190833 12.20786902308464 11
1727961200883 13.211274027824402 12
1727961210922 14.278297007083893 13
1727961220961 15.231352001428604 14
1727961230999 16.267641007900238 15
1727961241039 17.16872400045395 16
