1727958909925 2.5 0
1727958919972 3.3 1
1727958930009 2.2 2
1727958940046 2.2 3
1727958950079 3.5 4
1727958960112 1.8 5
1727958970163 3.1 6
1727958980219 2.9 7
1727958990307 2.9 8
1727959000510 2.2 9
1727959010566 4.5 10
1727959020625 4.8 11
1727959030666 4.8 12
1727959040705 3.3 13
1727959050755 4.1 14
1727959060804 4.2 15
1727959070842 4.3 16
1727959080880 4.7 17
1727959090917 4.9 18
1727959100964 2.7 19
1727959111003 4.2 20
1727959121040 2.6 21
1727959131078 3.3 22
1727959141118 5.1 23
1727959151154 5.0 24
1727959161192 3.6 25
1727959171231 4.3 26
1727959181274 4.8 27
1727959191313 2.8 28
1727959201352 1.4 29
1727959211391 3.7 30
1727959221439 3.6 31
1727959231487 4.3 32
1727959241533 3.1 33
1727959251571 4.2 34
1727959261610 5.2 35
1727959271651 3.7 36
1727959281690 3.7 37
1727959291729 3.7 38
1727959301772 5.1 39
1727959311811 3.0 40
1727959321849 1.9 41
1727959331889 2.2 42
1727959341930 4.7 43
1727959351975 4.8 44
1727959362013 5.5 45
1727959372052 5.1 46
1727959382095 6.6 47
1727959392135 4.8 48
1727959402185 4.2 49
1727959412222 4.3 50
1727959422265 2.7 51
1727959432306 5.5 52
1727959442346 4.1 53
1727959452392 2.0 54
1727959462435 1.4 55
1727959472473 4.3 56
1727959482524 3.5 57
1727959492603 3.9 58
1727959502647 5.7 59
1727959512687 6.0 60
1727959522726 4.7 61
1727959532766 2.9 62
1727959542807 6.3 63
1727959552871 5.8 64
1727959562928 6.5 65
1727959572980 5.6 66
1727959583019 5.1 67
1727959593061 3.2 68
1727959603102 4.1 69
1727959613144 4.8 70
1727959623187 6.6 71
1727959633229 6.4 72
1727959643293 4.9 73
1727959653354 3.3 74
1727959663402 2.2 75
1727959673442 6.2 76
1727959683484 6.1 77
1727959693540 5.5 78
1727959703583 5.5 79
1727959713624 2.2 80
1727959723666 2.4 81
1727959733709 5.1 82
1727959743749 6.3 83
1727959753792 3.3 84
1727959763837 2.2 85
1727959773879 6.3 86
1727959783920 2.4 87
1727959793978 4.5 88
1727959804035 3.7 89
1727959814078 6.5 90
1727959824125 6.3 91
1727959834167 4.5 92
1727959844216 3.5 93
1727959854257 3.1 94
1727959864296 2.4 95
1727959874354 1.8 96
1727959884401 6.2 97
1727959894445 61.0 98
1727959904487 23.5 99
1727959914533 4.7 100
1727959924573 6.4 101
1727959934630 5.8 102
1727959944670 6.8 103
1727959954713 4.9 104
1727959964823 2.5 105
1727959974865 5.6 106
1727959984907 5.4 107
1727959994974 3.9 108
1727960005036 3.9 109
1727960015078 3.1 110
1727960025127 3.2 111
1727960035169 2.4 112
1727960045212 2.4 113
1727960055264 1.8 114
1727960065318 1.6 115
1727960075357 1.0 116
1727960085400 0.8 117
1727960095440 1.5 118
1727960105483 0.0 119
1727960115543 6.2 120
1727960125595 5.9 121
1727960135637 4.9 122
1727960145681 7.0 123
1727960155722 3.0 124
1727960165779 5.5 125
1727960176123 7.4 126
1727960186365 4.6 127
1727960196409 7.3 128
1727960206459 6.8 129
1727960216596 4.2 130
1727960226642 2.7 131
1727960236686 4.2 132
1727960246743 5.8 133
1727960256788 7.5 134
1727960266832 7.1 135
1727960276874 6.4 136
1727960286917 5.9 137
1727960296962 3.4 138
1727960307017 2.4 139
1727960317060 1.2 140
1727960327110 4.0 141
1727960337165 6.0 142
1727960347209 7.1 143
1727960357255 6.8 144
1727960367304 6.1 145
1727960377347 5.4 146
1727960387392 14.3 147
1727960397436 37.7 148
1727960407481 10.7 149
1727960417545 7.5 150
1727960427591 4.9 151
1727960437636 7.7 152
1727960447686 5.1 153
1727960457729 5.4 154
1727960467772 3.7 155
1727960477819 3.0 156
1727960487868 2.3 157
1727960497912 1.4 158
1727960507961 4.0 159
1727960518018 3.4 160
1727960528064 6.7 161
1727960538114 5.9 162
1727960548168 6.7 163
1727960558215 4.1 164
1727960568259 2.8 165
1727960578305 3.3 166
1727960588436 5.8 167
1727960598635 2.6 168
1727960608693 7.5 169
1727960618742 6.3 170
1727960628789 5.5 171
1727960638834 2.7 172
1727960648880 2.7 173
1727960659146 3.5 174
1727960669274 5.5 175
1727960679476 4.5 176
1727960689522 4.9 177
1727960699567 8.4 178
1727960709609 3.7 179
1727960719666 2.8 180
1727960729712 1.6 181
1727960739756 2.1 182
1727960749800 7.0 183
1727960759847 3.5 184
1727960769892 7.4 185
1727960779938 2.4 186
1727960789984 7.2 187
1727960800030 4.6 188
1727960810091 3.9 189
1727960820138 5.2 190
1727960830186 4.8 191
1727960840232 5.9 192
1727960850360 5.8 193
1727960860404 6.4 194
1727960870450 3.4 195
1727960880568 4.1 196
1727960890625 11.3 197
1727960900683 0.1 198
1727960910746 0.0 199
1727960920794 0.0 200
1727960930848 0.0 201
1727960940897 0.0 202
