1727958909925 10.6 0
1727958919972 10.6 1
1727958930009 10.6 2
1727958940046 10.6 3
1727958950079 10.6 4
1727958960112 10.6 5
1727958970163 10.6 6
1727958980219 10.6 7
1727958990307 10.6 8
1727959000510 10.6 9
1727959010566 10.6 10
1727959020625 10.6 11
1727959030666 10.6 12
1727959040705 10.6 13
1727959050755 10.6 14
1727959060804 10.6 15
1727959070842 10.6 16
1727959080880 10.6 17
1727959090917 10.6 18
1727959100964 10.6 19
1727959111003 10.6 20
1727959121040 10.6 21
1727959131078 10.6 22
1727959141118 10.6 23
1727959151154 10.6 24
1727959161192 10.6 25
1727959171231 10.6 26
1727959181274 10.6 27
1727959191313 10.6 28
1727959201352 10.6 29
1727959211391 10.6 30
1727959221439 10.6 31
1727959231487 10.6 32
1727959241533 10.6 33
1727959251571 10.6 34
1727959261610 10.6 35
1727959271651 10.6 36
1727959281690 10.6 37
1727959291729 10.6 38
1727959301772 10.6 39
1727959311811 10.6 40
1727959321849 10.6 41
1727959331889 10.6 42
1727959341930 10.6 43
1727959351975 10.6 44
1727959362013 10.6 45
1727959372052 10.6 46
1727959382095 10.6 47
1727959392135 10.6 48
1727959402185 10.6 49
1727959412222 10.6 50
1727959422265 10.6 51
1727959432306 10.6 52
1727959442346 10.6 53
1727959452392 10.6 54
1727959462435 10.6 55
1727959472473 10.6 56
1727959482524 10.6 57
1727959492603 10.6 58
1727959502647 10.6 59
1727959512687 10.6 60
1727959522726 10.6 61
1727959532766 10.6 62
1727959542807 10.6 63
1727959552871 10.6 64
1727959562928 10.6 65
1727959572980 10.6 66
1727959583019 10.6 67
1727959593061 10.6 68
1727959603102 10.6 69
1727959613144 10.6 70
1727959623187 10.6 71
1727959633229 10.6 72
1727959643293 10.6 73
1727959653354 10.6 74
1727959663402 10.6 75
1727959673442 10.6 76
1727959683484 10.6 77
1727959693540 10.6 78
1727959703583 10.6 79
1727959713624 10.6 80
1727959723666 10.6 81
1727959733709 10.6 82
1727959743749 10.6 83
1727959753792 10.6 84
1727959763837 10.6 85
1727959773879 10.6 86
1727959783920 10.6 87
1727959793978 10.6 88
1727959804035 10.6 89
1727959814078 10.6 90
1727959824125 10.6 91
1727959834167 10.6 92
1727959844216 10.6 93
1727959854257 10.6 94
1727959864296 10.6 95
1727959874354 10.6 96
1727959884401 10.6 97
1727959894445 10.6 98
1727959904487 10.6 99
1727959914533 10.6 100
1727959924573 10.6 101
1727959934630 10.6 102
1727959944670 10.6 103
1727959954713 10.6 104
1727959964823 10.6 105
1727959974865 10.6 106
1727959984907 10.6 107
1727959994974 10.6 108
1727960005036 10.6 109
1727960015078 10.6 110
1727960025127 10.6 111
1727960035169 10.6 112
1727960045212 10.6 113
1727960055264 10.6 114
1727960065318 10.6 115
1727960075357 10.6 116
1727960085400 10.6 117
1727960095440 10.6 118
1727960105483 10.6 119
1727960115543 10.6 120
1727960125595 10.6 121
1727960135637 10.6 122
1727960145681 10.6 123
1727960155722 10.6 124
1727960165779 10.6 125
1727960176123 10.6 126
1727960186365 10.6 127
1727960196409 10.6 128
1727960206459 10.6 129
1727960216596 10.6 130
1727960226642 10.6 131
1727960236686 10.6 132
1727960246743 10.6 133
1727960256788 10.6 134
1727960266832 10.6 135
1727960276874 10.6 136
1727960286917 10.6 137
1727960296962 10.6 138
1727960307017 10.6 139
1727960317060 10.6 140
1727960327110 10.6 141
1727960337165 10.6 142
1727960347209 10.6 143
1727960357255 10.6 144
1727960367304 10.6 145
1727960377347 10.6 146
1727960387392 10.6 147
1727960397436 10.6 148
1727960407481 10.6 149
1727960417545 10.6 150
1727960427591 10.6 151
1727960437636 10.6 152
1727960447686 10.6 153
1727960457729 10.6 154
1727960467772 10.6 155
1727960477819 10.6 156
1727960487868 10.6 157
1727960497912 10.6 158
1727960507961 10.6 159
1727960518018 10.6 160
1727960528064 10.6 161
1727960538114 10.6 162
1727960548168 10.6 163
1727960558215 10.6 164
1727960568259 10.6 165
1727960578305 10.6 166
1727960588436 10.6 167
1727960598635 10.6 168
1727960608693 10.6 169
1727960618742 10.6 170
1727960628789 10.6 171
1727960638834 10.6 172
1727960648880 10.6 173
1727960659146 10.6 174
1727960669274 10.6 175
1727960679476 10.6 176
1727960689522 10.6 177
1727960699567 10.6 178
1727960709609 10.6 179
1727960719666 10.6 180
1727960729712 10.6 181
1727960739756 10.6 182
1727960749800 10.6 183
1727960759847 10.6 184
1727960769892 10.6 185
1727960779938 10.6 186
1727960789984 10.6 187
1727960800030 10.6 188
1727960810091 10.6 189
1727960820138 10.6 190
1727960830186 10.6 191
1727960840232 10.6 192
1727960850360 10.6 193
1727960860404 10.6 194
1727960870450 10.6 195
1727960880568 10.6 196
1727960890625 10.6 197
1727960900683 10.6 198
1727960910746 10.6 199
1727960920794 10.6 200
1727960930848 10.6 201
1727960940897 10.6 202
