1727958909925 213484.3 0
1727958919972 213484.3 1
1727958930009 213484.3 2
1727958940046 213484.3 3
1727958950079 213484.3 4
1727958960112 213484.3 5
1727958970163 213484.3 6
1727958980219 213484.3 7
1727958990307 213484.4 8
1727959000510 213484.3 9
1727959010566 213484.3 10
1727959020625 213484.3 11
1727959030666 213484.3 12
1727959040705 213484.3 13
1727959050755 213484.4 14
1727959060804 213484.4 15
1727959070842 213484.3 16
1727959080880 213484.3 17
1727959090917 213484.3 18
1727959100964 213484.4 19
1727959111003 213484.3 20
1727959121040 213484.3 21
1727959131078 213484.4 22
1727959141118 213484.3 23
1727959151154 213484.3 24
1727959161192 213484.4 25
1727959171231 213484.3 26
1727959181274 213484.3 27
1727959191313 213484.3 28
1727959201352 213484.3 29
1727959211391 213484.3 30
1727959221439 213484.3 31
1727959231487 213484.3 32
1727959241533 213484.3 33
1727959251571 213484.4 34
1727959261610 213484.3 35
1727959271651 213484.3 36
1727959281690 213484.3 37
1727959291729 213484.4 38
1727959301772 213484.3 39
1727959311811 213484.3 40
1727959321849 213484.3 41
1727959331889 213484.3 42
1727959341930 213484.3 43
1727959351975 213484.3 44
1727959362013 213484.3 45
1727959372052 213484.3 46
1727959382095 213484.3 47
1727959392135 213484.3 48
1727959402185 213484.3 49
1727959412222 213484.3 50
1727959422265 213484.3 51
1727959432306 213484.3 52
1727959442346 213484.3 53
1727959452392 213484.3 54
1727959462435 213484.3 55
1727959472473 213484.3 56
1727959482524 213484.3 57
1727959492603 213484.3 58
1727959502647 213484.3 59
1727959512687 213484.3 60
1727959522726 213484.3 61
1727959532766 213484.3 62
1727959542807 213484.3 63
1727959552871 213484.3 64
1727959562928 213484.3 65
1727959572980 213484.3 66
1727959583019 213484.3 67
1727959593061 213484.3 68
1727959603102 213484.3 69
1727959613144 213484.3 70
1727959623187 213484.3 71
1727959633229 213484.3 72
1727959643293 213484.3 73
1727959653354 213484.3 74
1727959663402 213484.3 75
1727959673442 213484.3 76
1727959683484 213484.4 77
1727959693540 213484.4 78
1727959703583 213484.3 79
1727959713624 213484.4 80
1727959723666 213484.3 81
1727959733709 213484.4 82
1727959743749 213484.3 83
1727959753792 213484.3 84
1727959763837 213484.3 85
1727959773879 213484.3 86
1727959783920 213484.3 87
1727959793978 213484.3 88
1727959804035 213484.3 89
1727959814078 213484.3 90
1727959824125 213484.3 91
1727959834167 213484.3 92
1727959844216 213484.3 93
1727959854257 213484.3 94
1727959864296 213484.3 95
1727959874354 213484.3 96
1727959884401 213480.8 97
1727959894445 213480.3 98
1727959904487 213481.7 99
1727959914533 213481.8 100
1727959924573 213481.8 101
1727959934630 213481.8 102
1727959944670 213481.8 103
1727959954713 213481.8 104
1727959964823 213481.8 105
1727959974865 213481.9 106
1727959984907 213481.9 107
1727959994974 213481.9 108
1727960005036 213481.9 109
1727960015078 213481.9 110
1727960025127 213481.9 111
1727960035169 213481.9 112
1727960045212 213481.9 113
1727960055264 213481.9 114
1727960065318 213481.9 115
1727960075357 213481.9 116
1727960085400 213481.9 117
1727960095440 213481.9 118
1727960105483 213481.9 119
1727960115543 213481.9 120
1727960125595 213481.9 121
1727960135637 213481.9 122
1727960145681 213481.9 123
1727960155722 213481.9 124
1727960165779 213481.9 125
1727960176123 213481.9 126
1727960186365 213481.9 127
1727960196409 213481.9 128
1727960206459 213482.8 129
1727960216596 213482.8 130
1727960226642 213482.8 131
1727960236686 213482.8 132
1727960246743 213482.8 133
1727960256788 213482.8 134
1727960266832 213482.8 135
1727960276874 213482.8 136
1727960286917 213482.8 137
1727960296962 213482.8 138
1727960307017 213482.8 139
1727960317060 213482.8 140
1727960327110 213482.8 141
1727960337165 213482.8 142
1727960347209 213482.8 143
1727960357255 213482.8 144
1727960367304 213482.7 145
1727960377347 213482.7 146
1727960387392 213480.9 147
1727960397436 213480.9 148
1727960407481 213481.3 149
1727960417545 213481.3 150
1727960427591 213481.3 151
1727960437636 213481.3 152
1727960447686 213481.3 153
1727960457729 213481.3 154
1727960467772 213481.3 155
1727960477819 213481.3 156
1727960487868 213481.3 157
1727960497912 213481.3 158
1727960507961 213481.3 159
1727960518018 213481.3 160
1727960528064 213481.3 161
1727960538114 213481.3 162
1727960548168 213481.3 163
1727960558215 213481.3 164
1727960568259 213481.3 165
1727960578305 213481.3 166
1727960588436 213481.3 167
1727960598635 213481.3 168
1727960608693 213481.3 169
1727960618742 213481.3 170
1727960628789 213481.3 171
1727960638834 213481.3 172
1727960648880 213481.3 173
1727960659146 213481.3 174
1727960669274 213481.5 175
1727960679476 213481.5 176
1727960689522 213481.5 177
1727960699567 213482.5 178
1727960709609 213482.5 179
1727960719666 213482.5 180
1727960729712 213482.5 181
1727960739756 213482.5 182
1727960749800 213482.5 183
1727960759847 213482.5 184
1727960769892 213482.5 185
1727960779938 213482.5 186
1727960789984 213482.5 187
1727960800030 213482.5 188
1727960810091 213482.5 189
1727960820138 213482.5 190
1727960830186 213482.5 191
1727960840232 213482.5 192
1727960850360 213482.5 193
1727960860404 213482.5 194
1727960870450 213482.5 195
1727960880568 213482.5 196
1727960890625 213482.5 197
1727960900683 213481.9 198
1727960910746 213481.9 199
1727960920794 213481.9 200
1727960930848 213481.9 201
1727960940897 213481.9 202
