1727958909925 25335.2 0
1727958919972 25335.2 1
1727958930009 25335.2 2
1727958940046 25335.2 3
1727958950079 25335.2 4
1727958960112 25335.2 5
1727958970163 25335.2 6
1727958980219 25335.1 7
1727958990307 25335.1 8
1727959000510 25335.2 9
1727959010566 25335.2 10
1727959020625 25335.2 11
1727959030666 25335.2 12
1727959040705 25335.2 13
1727959050755 25335.1 14
1727959060804 25335.1 15
1727959070842 25335.2 16
1727959080880 25335.2 17
1727959090917 25335.2 18
1727959100964 25335.1 19
1727959111003 25335.2 20
1727959121040 25335.2 21
1727959131078 25335.1 22
1727959141118 25335.2 23
1727959151154 25335.2 24
1727959161192 25335.1 25
1727959171231 25335.2 26
1727959181274 25335.2 27
1727959191313 25335.2 28
1727959201352 25335.2 29
1727959211391 25335.2 30
1727959221439 25335.2 31
1727959231487 25335.2 32
1727959241533 25335.2 33
1727959251571 25335.1 34
1727959261610 25335.2 35
1727959271651 25335.2 36
1727959281690 25335.2 37
1727959291729 25335.1 38
1727959301772 25335.2 39
1727959311811 25335.2 40
1727959321849 25335.2 41
1727959331889 25335.2 42
1727959341930 25335.2 43
1727959351975 25335.2 44
1727959362013 25335.2 45
1727959372052 25335.2 46
1727959382095 25335.2 47
1727959392135 25335.2 48
1727959402185 25335.2 49
1727959412222 25335.2 50
1727959422265 25335.2 51
1727959432306 25335.2 52
1727959442346 25335.2 53
1727959452392 25335.2 54
1727959462435 25335.2 55
1727959472473 25335.2 56
1727959482524 25335.2 57
1727959492603 25335.2 58
1727959502647 25335.2 59
1727959512687 25335.2 60
1727959522726 25335.2 61
1727959532766 25335.2 62
1727959542807 25335.2 63
1727959552871 25335.2 64
1727959562928 25335.2 65
1727959572980 25335.2 66
1727959583019 25335.2 67
1727959593061 25335.2 68
1727959603102 25335.2 69
1727959613144 25335.2 70
1727959623187 25335.2 71
1727959633229 25335.2 72
1727959643293 25335.2 73
1727959653354 25335.2 74
1727959663402 25335.2 75
1727959673442 25335.2 76
1727959683484 25335.1 77
1727959693540 25335.1 78
1727959703583 25335.2 79
1727959713624 25335.1 80
1727959723666 25335.2 81
1727959733709 25335.1 82
1727959743749 25335.2 83
1727959753792 25335.2 84
1727959763837 25335.2 85
1727959773879 25335.2 86
1727959783920 25335.2 87
1727959793978 25335.2 88
1727959804035 25335.2 89
1727959814078 25335.2 90
1727959824125 25335.2 91
1727959834167 25335.2 92
1727959844216 25335.2 93
1727959854257 25335.2 94
1727959864296 25335.2 95
1727959874354 25335.2 96
1727959884401 25338.7 97
1727959894445 25339.2 98
1727959904487 25337.7 99
1727959914533 25337.7 100
1727959924573 25337.7 101
1727959934630 25337.7 102
1727959944670 25337.7 103
1727959954713 25337.7 104
1727959964823 25337.7 105
1727959974865 25337.6 106
1727959984907 25337.6 107
1727959994974 25337.6 108
1727960005036 25337.6 109
1727960015078 25337.6 110
1727960025127 25337.6 111
1727960035169 25337.6 112
1727960045212 25337.6 113
1727960055264 25337.6 114
1727960065318 25337.6 115
1727960075357 25337.6 116
1727960085400 25337.6 117
1727960095440 25337.6 118
1727960105483 25337.6 119
1727960115543 25337.6 120
1727960125595 25337.6 121
1727960135637 25337.6 122
1727960145681 25337.6 123
1727960155722 25337.6 124
1727960165779 25337.6 125
1727960176123 25337.6 126
1727960186365 25337.6 127
1727960196409 25337.6 128
1727960206459 25336.7 129
1727960216596 25336.7 130
1727960226642 25336.7 131
1727960236686 25336.7 132
1727960246743 25336.7 133
1727960256788 25336.7 134
1727960266832 25336.7 135
1727960276874 25336.7 136
1727960286917 25336.7 137
1727960296962 25336.7 138
1727960307017 25336.7 139
1727960317060 25336.7 140
1727960327110 25336.7 141
1727960337165 25336.7 142
1727960347209 25336.7 143
1727960357255 25336.7 144
1727960367304 25336.8 145
1727960377347 25336.8 146
1727960387392 25338.6 147
1727960397436 25338.6 148
1727960407481 25338.1 149
1727960417545 25338.1 150
1727960427591 25338.1 151
1727960437636 25338.1 152
1727960447686 25338.1 153
1727960457729 25338.1 154
1727960467772 25338.1 155
1727960477819 25338.1 156
1727960487868 25338.1 157
1727960497912 25338.1 158
1727960507961 25338.1 159
1727960518018 25338.1 160
1727960528064 25338.1 161
1727960538114 25338.1 162
1727960548168 25338.1 163
1727960558215 25338.1 164
1727960568259 25338.1 165
1727960578305 25338.1 166
1727960588436 25338.1 167
1727960598635 25338.1 168
1727960608693 25338.1 169
1727960618742 25338.1 170
1727960628789 25338.1 171
1727960638834 25338.1 172
1727960648880 25338.1 173
1727960659146 25338.1 174
1727960669274 25338.0 175
1727960679476 25338.0 176
1727960689522 25338.0 177
1727960699567 25336.9 178
1727960709609 25336.9 179
1727960719666 25336.9 180
1727960729712 25336.9 181
1727960739756 25336.9 182
1727960749800 25336.9 183
1727960759847 25336.9 184
1727960769892 25336.9 185
1727960779938 25336.9 186
1727960789984 25336.9 187
1727960800030 25336.9 188
1727960810091 25336.9 189
1727960820138 25336.9 190
1727960830186 25336.9 191
1727960840232 25336.9 192
1727960850360 25336.9 193
1727960860404 25336.9 194
1727960870450 25336.9 195
1727960880568 25336.9 196
1727960890625 25336.9 197
1727960900683 25337.6 198
1727960910746 25337.6 199
1727960920794 25337.6 200
1727960930848 25337.6 201
1727960940897 25337.6 202
