1727958909925 0.0034620165824890137 0
1727958919972 0.6408230066299438 1
1727958930009 1.3529660105705261 2
1727958940046 2.7108080089092255 3
1727958950079 2.9598399996757507 4
1727958960112 3.098688006401062 5
1727958970163 3.2068080008029938 6
1727958980219 4.1853179931640625 7
1727958990307 4.305092990398407 8
1727959000510 5.23512801527977 9
1727959010566 6.288708001375198 10
1727959020625 7.261482000350952 11
1727959030666 8.340225011110306 12
1727959040705 9.46977499127388 13
1727959050755 10.211975008249283 14
1727959060804 11.220221012830734 15
1727959070842 12.334176003932953 16
1727959080880 13.416750013828278 17
1727959090917 14.565191000699997 18
1727959100964 15.492485016584396 19
1727959111003 16.07590201497078 20
1727959121040 16.72817000746727 21
1727959131078 17.76426500082016 22
1727959141118 18.71652001142502 23
1727959151154 19.84025999903679 24
1727959161192 21.13993200659752 25
1727959171231 21.95287200808525 26
1727959181274 22.669959008693695 27
1727959191313 22.78022301197052 28
1727959201352 22.87582701444626 29
1727959211391 24.16524600982666 30
1727959221439 25.18707799911499 31
1727959231487 25.866910994052887 32
1727959241533 26.47756400704384 33
1727959251571 27.308560997247696 34
1727959261610 28.27877300977707 35
1727959271651 29.579620003700256 36
1727959281690 30.533497989177704 37
1727959291729 31.466080993413925 38
1727959301772 32.567802011966705 39
1727959311811 32.691175013780594 40
1727959321849 32.80996599793434 41
1727959331889 33.80377998948097 42
1727959341930 34.664851009845734 43
1727959351975 35.723127007484436 44
1727959362013 36.55377399921417 45
1727959372052 37.39578899741173 46
1727959382095 38.37049299478531 47
1727959392135 39.49624201655388 48
1727959402185 40.54511299729347 49
1727959412222 41.432792007923126 50
1727959422265 41.59266099333763 51
1727959432306 42.70114400982857 52
1727959442346 43.046562016010284 53
1727959452392 43.17484101653099 54
1727959462435 43.845558017492294 55
1727959472473 44.918931007385254 56
1727959482524 45.23589000105858 57
1727959492603 45.9684219956398 58
1727959502647 46.92805999517441 59
1727959512687 47.93887200951576 60
1727959522726 48.987044990062714 61
1727959532766 49.75303399562836 62
1727959542807 51.01004400849342 63
1727959552871 52.09683600068092 64
1727959562928 53.24199801683426 65
1727959572980 54.079614996910095 66
1727959583019 54.824019998312 67
1727959593061 55.82260200381279 68
1727959603102 56.74280399084091 69
1727959613144 57.511671006679535 70
1727959623187 58.39264199137688 71
1727959633229 59.45517599582672 72
1727959643293 60.19148901104927 73
1727959653354 61.150595009326935 74
1727959663402 61.91508001089096 75
1727959673442 62.97092801332474 76
1727959683484 64.0514329969883 77
1727959693540 64.97843000292778 78
1727959703583 65.72149601578712 79
1727959713624 66.17835900187492 80
1727959723666 67.10146099328995 81
1727959733709 68.06432700157166 82
1727959743749 69.19057899713516 83
1727959753792 69.35453900694847 84
1727959763837 69.69679901003838 85
1727959773879 70.82479301095009 86
1727959783920 71.58316001296043 87
1727959793978 72.77502200007439 88
1727959804035 73.34365001320839 89
1727959814078 74.41947701573372 90
1727959824125 75.52742201089859 91
1727959834167 75.87122800946236 92
1727959844216 76.0668979883194 93
1727959854257 76.23151299357414 94
1727959864296 76.42767000198364 95
1727959874354 76.58565101027489 96
1727959884401 77.54381701350212 97
1727959894445 80.38260200619698 98
1727959904487 87.5735670030117 99
1727959914533 88.88659599423409 100
1727959924573 89.66127499938011 101
1727959934630 90.57461699843407 102
1727959944670 91.68071401119232 103
1727959954713 92.47174099087715 104
1727959964823 93.3969250023365 105
1727959974865 94.36701601743698 106
1727959984907 95.24363899230957 107
1727959994974 95.43207600712776 108
1727960005036 95.59862399101257 109
1727960015078 95.81584998965263 110
1727960025127 96.11785700917244 111
1727960035169 96.29201000928879 112
1727960045212 96.4742920100689 113
1727960055264 96.64462199807167 114
1727960065318 96.84725999832153 115
1727960075357 97.0206750035286 116
1727960085400 97.20182400941849 117
1727960095440 98.08505001664162 118
1727960105483 98.66781899333 119
1727960115543 99.78463900089264 120
1727960125595 100.71707099676132 121
1727960135637 101.5002050101757 122
1727960145681 102.74442601203918 123
1727960155722 103.54784801602364 124
1727960165779 104.61332100629807 125
1727960176123 105.92989400029182 126
1727960186365 106.5885240137577 127
1727960196409 107.69662001729012 128
1727960206459 108.89570099115372 129
1727960216596 109.31280100345612 130
1727960226642 109.67814400792122 131
1727960236686 111.00301399827003 132
1727960246743 111.84432300925255 133
1727960256788 112.97156900167465 134
1727960266832 114.22357201576233 135
1727960276874 115.24737799167633 136
1727960286917 116.0139220058918 137
1727960296962 116.22364899516106 138
1727960307017 116.42706501483917 139
1727960317060 116.66032999753952 140
1727960327110 118.01708099246025 141
1727960337165 119.02891099452972 142
1727960347209 120.1693400144577 143
1727960357255 121.37225300073624 144
1727960367304 122.39071899652481 145
1727960377347 123.19969800114632 146
1727960387392 125.11114299297333 147
1727960397436 128.4399369955063 148
1727960407481 130.91070500016212 149
1727960417545 132.15741899609566 150
1727960427591 132.96367001533508 151
1727960437636 134.3555749952793 152
1727960447686 135.5165820121765 153
1727960457729 136.56546500325203 154
1727960467772 136.79374501109123 155
1727960477819 137.01141899824142 156
1727960487868 137.23160201311111 157
1727960497912 137.44253998994827 158
1727960507961 138.3978660106659 159
1727960518018 139.59184700250626 160
1727960528064 140.5977239906788 161
1727960538114 141.43611800670624 162
1727960548168 142.81595999002457 163
1727960558215 143.0908479988575 164
1727960568259 143.52093198895454 165
1727960578305 144.71860900521278 166
1727960588436 145.55418500304222 167
1727960598635 145.85391101241112 168
1727960608693 147.20818001031876 169
1727960618742 148.30074000358582 170
1727960628789 149.07138499617577 171
1727960638834 149.29773500561714 172
1727960648880 149.71478900313377 173
1727960659146 150.94389900565147 174
1727960669274 151.81027901172638 175
1727960679476 152.55265599489212 176
1727960689522 153.53476598858833 177
1727960699567 154.989854991436 178
1727960709609 155.2146860063076 179
1727960719666 155.47289499640465 180
1727960729712 155.68971499800682 181
1727960739756 156.71080100536346 182
1727960749800 158.1227540075779 183
1727960759847 158.61227801442146 184
1727960769892 159.85720700025558 185
1727960779938 160.12527599930763 186
1727960789984 161.3688600063324 187
1727960800030 162.2612800002098 188
1727960810091 163.49037098884583 189
1727960820138 164.16280099749565 190
1727960830186 165.07092401385307 191
1727960840232 165.95632800459862 192
1727960850360 166.85366401076317 193
1727960860404 167.9556480050087 194
1727960870450 169.2855949997902 195
1727960880568 170.21095499396324 196
1727960890625 171.65896001458168 197
1727960900683 183.15748500823975 198
1727960910746 183.43525499105453 199
1727960920794 183.87600401043892 200
1727960930848 184.12597599625587 201
1727960940897 184.3978509902954 202
