1727958909925 0.005066007375717163 0
1727958919972 0.6073319911956787 1
1727958930009 1.296085000038147 2
1727958940046 2.5716859996318817 3
1727958950079 2.8923719823360443 4
1727958960112 3.0564709901809692 5
1727958970163 3.1865449845790863 6
1727958980219 4.274973005056381 7
1727958990307 4.465078979730606 8
1727959000510 5.55995699763298 9
1727959010566 6.918010979890823 10
1727959020625 8.156282007694244 11
1727959030666 9.534233003854752 12
1727959040705 10.823327004909515 13
1727959050755 11.774524986743927 14
1727959060804 12.967298001050949 15
1727959070842 14.348782002925873 16
1727959080880 15.712956994771957 17
1727959090917 17.18283799290657 18
1727959100964 18.280723989009857 19
1727959111003 19.17807698249817 20
1727959121040 20.039033979177475 21
1727959131078 21.28057000041008 22
1727959141118 22.44795098900795 23
1727959151154 23.908684998750687 24
1727959161192 25.48793998360634 25
1727959171231 26.51402199268341 26
1727959181274 27.46568900346756 27
1727959191313 27.60512998700142 28
1727959201352 27.727878987789154 29
1727959211391 29.220656991004944 30
1727959221439 30.47657600045204 31
1727959231487 31.35376900434494 32
1727959241533 32.18031299114227 33
1727959251571 33.30361598730087 34
1727959261610 34.504285007715225 35
1727959271651 36.10980200767517 36
1727959281690 37.269749999046326 37
1727959291729 38.47548198699951 38
1727959301772 39.91286799311638 39
1727959311811 40.067907989025116 40
1727959321849 40.207248985767365 41
1727959331889 41.378360986709595 42
1727959341930 42.540212005376816 43
1727959351975 43.79226699471474 44
1727959362013 44.90771600604057 45
1727959372052 46.06388899683952 46
1727959382095 47.36594098806381 47
1727959392135 48.78964498639107 48
1727959402185 50.12697798013687 49
1727959412222 51.3749960064888 50
1727959422265 51.60752600431442 51
1727959432306 52.97709500789642 52
1727959442346 53.49373099207878 53
1727959452392 53.65513297915459 54
1727959462435 54.36565700173378 55
1727959472473 55.73529398441315 56
1727959482524 56.18981400132179 57
1727959492603 57.10359799861908 58
1727959502647 58.41890698671341 59
1727959512687 59.769235998392105 60
1727959522726 61.13488498330116 61
1727959532766 62.02337098121643 62
1727959542807 63.585893988609314 63
1727959552871 65.11508998274803 64
1727959562928 66.62235099077225 65
1727959572980 67.8099319934845 66
1727959583019 68.85821598768234 67
1727959593061 69.98977699875832 68
1727959603102 71.21311500668526 69
1727959613144 72.16607800126076 70
1727959623187 73.40716299414635 71
1727959633229 74.86241400241852 72
1727959643293 75.78780898451805 73
1727959653354 76.92641299962997 74
1727959663402 77.88512998819351 75
1727959673442 79.3475250005722 76
1727959683484 80.69911900162697 77
1727959693540 82.02694198489189 78
1727959703583 82.98612397909164 79
1727959713624 83.78014197945595 80
1727959723666 84.91168197989464 81
1727959733709 86.15531298518181 82
1727959743749 87.69911298155785 83
1727959753792 88.00841200351715 84
1727959763837 88.45561900734901 85
1727959773879 90.02064698934555 86
1727959783920 90.86646097898483 87
1727959793978 92.31265997886658 88
1727959804035 93.23508498072624 89
1727959814078 94.74493500590324 90
1727959824125 96.23386898636818 91
1727959834167 96.75048398971558 92
1727959844216 97.023746997118 93
1727959854257 97.24742698669434 94
1727959864296 97.48564800620079 95
1727959874354 97.68496099114418 96
1727959884401 98.55596500635147 97
1727959894445 100.7194159924984 98
1727959904487 107.9682129919529 99
1727959914533 109.60950100421906 100
1727959924573 110.67684599757195 101
1727959934630 112.0549950003624 102
1727959944670 113.62477600574493 103
1727959954713 114.6070259809494 104
1727959964823 115.7746179997921 105
1727959974865 116.9889369904995 106
1727959984907 118.30571100115776 107
1727959994974 118.53841400146484 108
1727960005036 118.75025999546051 109
1727960015078 119.16071799397469 110
1727960025127 119.53997299075127 111
1727960035169 119.76218900084496 112
1727960045212 119.99106499552727 113
1727960055264 120.20820200443268 114
1727960065318 120.45793098211288 115
1727960075357 120.6772550046444 116
1727960085400 120.94656699895859 117
1727960095440 121.85821199417114 118
1727960105483 122.45945399999619 119
1727960115543 123.90625298023224 120
1727960125595 125.3156189918518 121
1727960135637 126.42868900299072 122
1727960145681 128.05282700061798 123
1727960155722 129.05825898051262 124
1727960165779 130.4280969798565 125
1727960176123 132.30090600252151 126
1727960186365 133.36819499731064 127
1727960196409 134.9874509871006 128
1727960206459 136.6401859819889 129
1727960216596 137.25698298215866 130
1727960226642 137.7249879837036 131
1727960236686 139.06695300340652 132
1727960246743 140.39624097943306 133
1727960256788 142.0937969982624 134
1727960266832 143.61529499292374 135
1727960276874 145.16190400719643 136
1727960286917 146.3758849799633 137
1727960296962 146.6294039785862 138
1727960307017 146.87838500738144 139
1727960317060 147.34013098478317 140
1727960327110 148.78597700595856 141
1727960337165 150.3350110054016 142
1727960347209 152.03007900714874 143
1727960357255 153.66975900530815 144
1727960367304 155.23161798715591 145
1727960377347 156.56924098730087 146
1727960387392 158.76038900017738 147
1727960397436 162.12155598402023 148
1727960407481 165.30380299687386 149
1727960417545 167.00445598363876 150
1727960427591 168.316811978817 151
1727960437636 170.2125069797039 152
1727960447686 171.91715198755264 153
1727960457729 173.23642399907112 154
1727960467772 173.6967549920082 155
1727960477819 173.9620849788189 156
1727960487868 174.2289479970932 157
1727960497912 174.52560499310493 158
1727960507961 175.64910599589348 159
1727960518018 177.25118899345398 160
1727960528064 178.62803998589516 161
1727960538114 179.99591398239136 162
1727960548168 181.84192699193954 163
1727960558215 182.40722900629044 164
1727960568259 182.9414660036564 165
1727960578305 184.14362400770187 166
1727960588436 185.51608499884605 167
1727960598635 185.87239199876785 168
1727960608693 187.77506098151207 169
1727960618742 189.5710690021515 170
1727960628789 190.65904200077057 171
1727960638834 190.92434999346733 172
1727960648880 191.44606000185013 173
1727960659146 192.90138599276543 174
1727960669274 194.10213899612427 175
1727960679476 195.04979997873306 176
1727960689522 196.5986869931221 177
1727960699567 198.7595439851284 178
1727960709609 199.23671400547028 179
1727960719666 199.53429898619652 180
1727960729712 199.7917839884758 181
1727960739756 200.86664098501205 182
1727960749800 202.92925798892975 183
1727960759847 203.51691100001335 184
1727960769892 205.41791400313377 185
1727960779938 205.72414699196815 186
1727960789984 207.4571949839592 187
1727960800030 208.90887600183487 188
1727960810091 210.1956789791584 189
1727960820138 211.4521839916706 190
1727960830186 212.54082199931145 191
1727960840232 214.02125799655914 192
1727960850360 215.1061959862709 193
1727960860404 216.9162019789219 194
1727960870450 218.25549998879433 195
1727960880568 219.77014699578285 196
1727960890625 221.77826499938965 197
1727960900683 222.83260098099709 198
1727960910746 223.32207798957825 199
1727960920794 223.93056499958038 200
1727960930848 224.21996900439262 201
1727960940897 224.52273699641228 202
