1727958909925 13717.3 0
1727958919972 15502.5 1
1727958930009 16290.6 2
1727958940046 17356.2 3
1727958950079 17543.7 4
1727958960112 17817.0 5
1727958970163 18179.6 6
1727958980219 18305.9 7
1727958990307 18203.0 8
1727959000510 17618.1 9
1727959010566 17483.7 10
1727959020625 17607.6 11
1727959030666 17533.5 12
1727959040705 17658.0 13
1727959050755 17589.7 14
1727959060804 17741.9 15
1727959070842 17683.8 16
1727959080880 17703.7 17
1727959090917 17702.0 18
1727959100964 17842.3 19
1727959111003 17761.6 20
1727959121040 17852.4 21
1727959131078 17811.6 22
1727959141118 17797.9 23
1727959151154 17798.8 24
1727959161192 17882.0 25
1727959171231 17979.8 26
1727959181274 17949.2 27
1727959191313 18028.6 28
1727959201352 18199.1 29
1727959211391 18439.8 30
1727959221439 18424.2 31
1727959231487 18294.9 32
1727959241533 18393.0 33
1727959251571 18436.5 34
1727959261610 18431.2 35
1727959271651 18574.8 36
1727959281690 18534.8 37
1727959291729 18557.2 38
1727959301772 18478.9 39
1727959311811 18478.8 40
1727959321849 18650.1 41
1727959331889 18864.1 42
1727959341930 18757.9 43
1727959351975 18826.9 44
1727959362013 18833.6 45
1727959372052 18847.5 46
1727959382095 18738.9 47
1727959392135 18819.0 48
1727959402185 18755.5 49
1727959412222 18741.3 50
1727959422265 18714.1 51
1727959432306 18767.1 52
1727959442346 18736.1 53
1727959452392 18761.7 54
1727959462435 18783.8 55
1727959472473 18896.6 56
1727959482524 18785.1 57
1727959492603 18785.7 58
1727959502647 18786.6 59
1727959512687 18837.3 60
1727959522726 18684.9 61
1727959532766 18657.6 62
1727959542807 18596.4 63
1727959552871 18716.6 64
1727959562928 18592.2 65
1727959572980 18595.4 66
1727959583019 18603.5 67
1727959593061 18612.1 68
1727959603102 18595.9 69
1727959613144 18742.8 70
1727959623187 18668.1 71
1727959633229 18531.5 72
1727959643293 18641.2 73
1727959653354 18531.4 74
1727959663402 18620.5 75
1727959673442 18498.4 76
1727959683484 18511.6 77
1727959693540 18400.3 78
1727959703583 17503.1 79
1727959713624 17635.3 80
1727959723666 17379.3 81
1727959733709 17274.2 82
1727959743749 17245.3 83
1727959753792 17245.8 84
1727959763837 17439.9 85
1727959773879 17359.3 86
1727959783920 17466.4 87
1727959793978 17452.1 88
1727959804035 17362.2 89
1727959814078 17360.1 90
1727959824125 17459.3 91
1727959834167 17559.6 92
1727959844216 17569.1 93
1727959854257 17671.5 94
1727959864296 17685.7 95
1727959874354 17823.8 96
1727959884401 20214.1 97
1727959894445 21413.7 98
1727959904487 17709.3 99
1727959914533 17618.7 100
1727959924573 17704.0 101
1727959934630 17649.3 102
1727959944670 17635.1 103
1727959954713 17635.2 104
1727959964823 17755.5 105
1727959974865 17635.1 106
1727959984907 17663.2 107
1727959994974 17708.3 108
1727960005036 17756.1 109
1727960015078 17756.8 110
1727960025127 17757.1 111
1727960035169 17853.7 112
1727960045212 17873.8 113
1727960055264 18054.3 114
1727960065318 18087.4 115
1727960075357 17827.4 116
1727960085400 17843.4 117
1727960095440 18087.9 118
1727960105483 18111.7 119
1727960115543 18001.6 120
1727960125595 18011.5 121
1727960135637 18074.4 122
1727960145681 18045.4 123
1727960155722 18139.2 124
1727960165779 18164.9 125
1727960176123 18049.4 126
1727960186365 18142.8 127
1727960196409 18053.3 128
1727960206459 18169.3 129
1727960216596 18313.8 130
1727960226642 18324.0 131
1727960236686 18323.6 132
1727960246743 18446.2 133
1727960256788 18322.4 134
1727960266832 18182.3 135
1727960276874 18213.7 136
1727960286917 18134.8 137
1727960296962 18134.8 138
1727960307017 18235.7 139
1727960317060 18310.3 140
1727960327110 18491.1 141
1727960337165 18373.0 142
1727960347209 18376.1 143
1727960357255 18467.8 144
1727960367304 18433.6 145
1727960377347 18370.8 146
1727960387392 22679.6 147
1727960397436 19600.7 148
1727960407481 18397.7 149
1727960417545 18482.2 150
1727960427591 18395.0 151
1727960437636 18392.6 152
1727960447686 18475.9 153
1727960457729 18386.6 154
1727960467772 18398.3 155
1727960477819 18414.4 156
1727960487868 18458.9 157
1727960497912 18523.0 158
1727960507961 18538.7 159
1727960518018 18530.0 160
1727960528064 18610.5 161
1727960538114 18528.1 162
1727960548168 18532.2 163
1727960558215 18530.7 164
1727960568259 18540.0 165
1727960578305 18655.2 166
1727960588436 18527.0 167
1727960598635 18526.3 168
1727960608693 18524.8 169
1727960618742 18557.4 170
1727960628789 18524.6 171
1727960638834 18524.6 172
1727960648880 18603.9 173
1727960659146 18702.6 174
1727960669274 18591.7 175
1727960679476 18616.7 176
1727960689522 18619.0 177
1727960699567 18623.4 178
1727960709609 18688.1 179
1727960719666 18742.1 180
1727960729712 18874.7 181
1727960739756 19058.6 182
1727960749800 18949.6 183
1727960759847 19057.5 184
1727960769892 18943.6 185
1727960779938 18942.8 186
1727960789984 18993.4 187
1727960800030 19008.6 188
1727960810091 18948.2 189
1727960820138 18950.5 190
1727960830186 19021.0 191
1727960840232 18946.8 192
1727960850360 19124.0 193
1727960860404 19036.5 194
1727960870450 19033.0 195
1727960880568 19029.8 196
1727960890625 18786.3 197
1727960900683 18830.3 198
1727960910746 18831.0 199
1727960920794 18830.3 200
1727960930848 18829.3 201
1727960940897 18829.4 202
