1727955956148 6.0 0
1727955966444 8.5 1
1727955976487 11.1 2
1727955986528 11.6 3
1727955996569 11.5 4
1727956006608 11.0 5
1727956016649 12.0 6
1727956026705 11.7 7
1727956036780 11.8 8
1727956046822 11.4 9
1727956056926 11.5 10
1727956066967 11.9 11
1727956077006 11.6 12
1727956087047 12.0 13
1727956097115 11.9 14
1727956107156 14.0 15
1727956117226 14.5 16
1727956127269 14.2 17
1727956137312 15.1 18
1727956147371 14.6 19
1727956157410 14.9 20
1727956167450 15.3 21
1727956177503 15.4 22
1727956187566 15.0 23
1727956197609 15.8 24
1727956207931 15.4 25
1727956217973 16.0 26
1727956228016 15.4 27
1727956238081 15.0 28
1727956248152 15.1 29
1727956258195 15.0 30
1727956268239 14.6 31
1727956278284 15.0 32
1727956288327 15.2 33
1727956298390 15.1 34
1727956308435 15.2 35
1727956318480 16.3 36
1727956328523 15.6 37
1727956338718 14.8 38
1727956348772 16.5 39
1727956358817 14.6 40
1727956368862 14.5 41
1727956379059 14.7 42
1727956389102 15.4 43
1727956399147 13.7 44
1727956409191 14.9 45
1727956419234 10.7 46
1727956429278 8.9 47
1727956439332 10.9 48
1727956449379 11.1 49
1727956459517 10.4 50
1727956469574 10.0 51
1727956479618 6.8 52
1727956489684 8.8 53
1727956499894 8.8 54
1727956509978 9.9 55
1727956520022 7.9 56
1727956530069 8.2 57
1727956540116 6.6 58
1727956550161 7.0 59
1727956560206 8.3 60
1727956570471 8.7 61
1727956580518 8.4 62
1727956590563 7.1 63
1727956600607 7.4 64
1727956610739 8.5 65
1727956620788 8.9 66
1727956630832 8.6 67
1727956640878 8.8 68
1727956650930 8.4 69
1727956660976 5.5 70
1727956671022 0.0 71
1727956681071 0.0 72
1727956691116 0.0 73
1727956701178 0.0 74
