1727955956148 25280.7 0
1727955966444 25285.2 1
1727955976487 25284.0 2
1727955986528 25278.4 3
1727955996569 25278.4 4
1727956006608 25278.3 5
1727956016649 25278.3 6
1727956026705 25278.3 7
1727956036780 25278.4 8
1727956046822 25278.3 9
1727956056926 25278.3 10
1727956066967 25279.9 11
1727956077006 25279.8 12
1727956087047 25279.8 13
1727956097115 25279.8 14
1727956107156 25279.8 15
1727956117226 25279.8 16
1727956127269 25279.8 17
1727956137312 25279.8 18
1727956147371 25279.8 19
1727956157410 25279.8 20
1727956167450 25279.8 21
1727956177503 25279.8 22
1727956187566 25279.8 23
1727956197609 25279.8 24
1727956207931 25281.8 25
1727956217973 25281.8 26
1727956228016 25281.8 27
1727956238081 25281.9 28
1727956248152 25281.9 29
1727956258195 25281.9 30
1727956268239 25281.9 31
1727956278284 25281.9 32
1727956288327 25281.9 33
1727956298390 25281.9 34
1727956308435 25281.9 35
1727956318480 25281.9 36
1727956328523 25281.9 37
1727956338718 25281.9 38
1727956348772 25281.9 39
1727956358817 25281.9 40
1727956368862 25281.9 41
1727956379059 25281.9 42
1727956389102 25281.9 43
1727956399147 25281.9 44
1727956409191 25281.9 45
1727956419234 25281.9 46
1727956429278 25281.9 47
1727956439332 25281.9 48
1727956449379 25281.8 49
1727956459517 25281.8 50
1727956469574 25281.8 51
1727956479618 25281.8 52
1727956489684 25281.8 53
1727956499894 25281.8 54
1727956509978 25281.8 55
1727956520022 25281.8 56
1727956530069 25281.8 57
1727956540116 25281.7 58
1727956550161 25281.7 59
1727956560206 25281.7 60
1727956570471 25281.7 61
1727956580518 25281.7 62
1727956590563 25281.7 63
1727956600607 25281.7 64
1727956610739 25281.7 65
1727956620788 25281.7 66
1727956630832 25281.7 67
1727956640878 25281.7 68
1727956650930 25281.7 69
1727956660976 25281.7 70
1727956671022 25281.7 71
1727956681071 25281.7 72
1727956691116 25281.7 73
1727956701178 25281.7 74
