1727955956148 213538.8 0
1727955966444 213534.3 1
1727955976487 213535.4 2
1727955986528 213541.1 3
1727955996569 213541.1 4
1727956006608 213541.1 5
1727956016649 213541.1 6
1727956026705 213541.1 7
1727956036780 213541.1 8
1727956046822 213541.2 9
1727956056926 213541.2 10
1727956066967 213539.6 11
1727956077006 213539.7 12
1727956087047 213539.7 13
1727956097115 213539.7 14
1727956107156 213539.7 15
1727956117226 213539.7 16
1727956127269 213539.7 17
1727956137312 213539.7 18
1727956147371 213539.7 19
1727956157410 213539.6 20
1727956167450 213539.6 21
1727956177503 213539.6 22
1727956187566 213539.6 23
1727956197609 213539.6 24
1727956207931 213537.7 25
1727956217973 213537.7 26
1727956228016 213537.7 27
1727956238081 213537.6 28
1727956248152 213537.6 29
1727956258195 213537.6 30
1727956268239 213537.6 31
1727956278284 213537.6 32
1727956288327 213537.6 33
1727956298390 213537.6 34
1727956308435 213537.6 35
1727956318480 213537.6 36
1727956328523 213537.6 37
1727956338718 213537.6 38
1727956348772 213537.6 39
1727956358817 213537.6 40
1727956368862 213537.6 41
1727956379059 213537.6 42
1727956389102 213537.6 43
1727956399147 213537.6 44
1727956409191 213537.6 45
1727956419234 213537.6 46
1727956429278 213537.6 47
1727956439332 213537.6 48
1727956449379 213537.6 49
1727956459517 213537.6 50
1727956469574 213537.7 51
1727956479618 213537.7 52
1727956489684 213537.7 53
1727956499894 213537.7 54
1727956509978 213537.7 55
1727956520022 213537.7 56
1727956530069 213537.7 57
1727956540116 213537.8 58
1727956550161 213537.8 59
1727956560206 213537.8 60
1727956570471 213537.8 61
1727956580518 213537.8 62
1727956590563 213537.8 63
1727956600607 213537.8 64
1727956610739 213537.8 65
1727956620788 213537.8 66
1727956630832 213537.8 67
1727956640878 213537.8 68
1727956650930 213537.8 69
1727956660976 213537.8 70
1727956671022 213537.8 71
1727956681071 213537.8 72
1727956691116 213537.8 73
1727956701178 213537.8 74
