1727955956148 10.6 0
1727955966444 10.6 1
1727955976487 10.6 2
1727955986528 10.6 3
1727955996569 10.6 4
1727956006608 10.6 5
1727956016649 10.6 6
1727956026705 10.6 7
1727956036780 10.6 8
1727956046822 10.6 9
1727956056926 10.6 10
1727956066967 10.6 11
1727956077006 10.6 12
1727956087047 10.6 13
1727956097115 10.6 14
1727956107156 10.6 15
1727956117226 10.6 16
1727956127269 10.6 17
1727956137312 10.6 18
1727956147371 10.6 19
1727956157410 10.6 20
1727956167450 10.6 21
1727956177503 10.6 22
1727956187566 10.6 23
1727956197609 10.6 24
1727956207931 10.6 25
1727956217973 10.6 26
1727956228016 10.6 27
1727956238081 10.6 28
1727956248152 10.6 29
1727956258195 10.6 30
1727956268239 10.6 31
1727956278284 10.6 32
1727956288327 10.6 33
1727956298390 10.6 34
1727956308435 10.6 35
1727956318480 10.6 36
1727956328523 10.6 37
1727956338718 10.6 38
1727956348772 10.6 39
1727956358817 10.6 40
1727956368862 10.6 41
1727956379059 10.6 42
1727956389102 10.6 43
1727956399147 10.6 44
1727956409191 10.6 45
1727956419234 10.6 46
1727956429278 10.6 47
1727956439332 10.6 48
1727956449379 10.6 49
1727956459517 10.6 50
1727956469574 10.6 51
1727956479618 10.6 52
1727956489684 10.6 53
1727956499894 10.6 54
1727956509978 10.6 55
1727956520022 10.6 56
1727956530069 10.6 57
1727956540116 10.6 58
1727956550161 10.6 59
1727956560206 10.6 60
1727956570471 10.6 61
1727956580518 10.6 62
1727956590563 10.6 63
1727956600607 10.6 64
1727956610739 10.6 65
1727956620788 10.6 66
1727956630832 10.6 67
1727956640878 10.6 68
1727956650930 10.6 69
1727956660976 10.6 70
1727956671022 10.6 71
1727956681071 10.6 72
1727956691116 10.6 73
1727956701178 10.6 74
