1727955956148 0.11096799373626709 0
1727955966444 259.18187499046326 1
1727955976487 531.967844992876 2
1727955986528 787.5309439897537 3
1727955996569 1059.8952369987965 4
1727956006608 1254.669292986393 5
1727956016649 1543.9384169876575 6
1727956026705 1734.9752549827099 7
1727956036780 1922.77330198884 8
1727956046822 2178.417831003666 9
1727956056926 2417.139676988125 10
1727956066967 2588.488157004118 11
1727956077006 2860.825423002243 12
1727956087047 3014.7591210007668 13
1727956097115 3270.096051990986 14
1727956107156 3457.9372069835663 15
1727956117226 3713.6349669992924 16
1727956127269 3862.4211269915104 17
1727956137312 4016.2976379990578 18
1727956147371 4203.895682990551 19
1727956157410 4299.593681007624 20
1727956167450 4453.711995005608 21
1727956177503 4557.079016000032 22
1727956187566 4660.128437995911 23
1727956197609 4806.39434799552 24
1727956207931 4858.352321982384 25
1727956217973 4927.7285459935665 26
1727956228016 4963.099352002144 27
1727956238081 4984.414177983999 28
1727956248152 4989.101254999638 29
1727956258195 4990.707468003035 30
1727956268239 4992.143665999174 31
1727956278284 4993.721338003874 32
1727956288327 4995.582724004984 33
1727956298390 4997.471235007048 34
1727956308435 4999.020043998957 35
1727956318480 5000.489805996418 36
1727956328523 5002.089810997248 37
1727956338718 5003.641692996025 38
1727956348772 5005.791273981333 39
1727956358817 5007.636424988508 40
1727956368862 5009.192775994539 41
1727956379059 5010.739802986383 42
1727956389102 5012.751590996981 43
1727956399147 5014.2780739963055 44
1727956409191 5016.159969002008 45
1727956419234 5017.581447988749 46
1727956429278 5018.6570789813995 47
1727956439332 5019.8096089959145 48
1727956449379 5021.117024987936 49
1727956459517 5022.555377990007 50
1727956469574 5024.196536004543 51
1727956479618 5025.376843988895 52
1727956489684 5026.721776008606 53
1727956499894 5028.229658007622 54
1727956509978 5029.567781001329 55
1727956520022 5030.766417980194 56
1727956530069 5032.006567984819 57
1727956540116 5033.1586029827595 58
1727956550161 5034.468189001083 59
1727956560206 5035.6516969799995 60
1727956570471 5036.812438994646 61
1727956580518 5037.96874499321 62
1727956590563 5039.021807998419 63
1727956600607 5040.154663980007 64
1727956610739 5041.738018989563 65
1727956620788 5042.932076990604 66
1727956630832 5044.077535003424 67
1727956640878 5045.2813619971275 68
1727956650930 5046.49400100112 69
1727956660976 5047.609851002693 70
1727956671022 5048.009965002537 71
1727956681071 5048.257587999105 72
1727956691116 5048.585871994495 73
1727956701178 5048.84040299058 74
