1727955956148 0.0056739747524261475 0
1727955966444 5.432140976190567 1
1727955976487 7.895155996084213 2
1727955986528 10.101600974798203 3
1727955996569 12.252655982971191 4
1727956006608 14.697304993867874 5
1727956016649 16.847133994102478 6
1727956026705 18.888603001832962 7
1727956036780 20.980927973985672 8
1727956046822 23.250831991434097 9
1727956056926 25.583281993865967 10
1727956066967 27.738143980503082 11
1727956077006 31.45805898308754 12
1727956087047 33.472884982824326 13
1727956097115 35.51568800210953 14
1727956107156 37.66228899359703 15
1727956117226 40.18750497698784 16
1727956127269 42.02472999691963 17
1727956137312 44.00092497467995 18
1727956147371 45.9193069934845 19
1727956157410 47.93206697702408 20
1727956167450 50.07498198747635 21
1727956177503 52.20883497595787 22
1727956187566 54.04528099298477 23
1727956197609 56.02118498086929 24
1727956207931 59.11806699633598 25
1727956217973 61.07632699608803 26
1727956228016 62.75239297747612 27
1727956238081 64.79731798171997 28
1727956248152 66.71890199184418 29
1727956258195 68.49989199638367 30
1727956268239 70.11436399817467 31
1727956278284 71.8746329843998 32
1727956288327 73.95024198293686 33
1727956298390 75.91340997815132 34
1727956308435 77.68807899951935 35
1727956318480 79.39554598927498 36
1727956328523 81.28518497943878 37
1727956338718 83.08320298790932 38
1727956348772 85.26255097985268 39
1727956358817 87.32361897826195 40
1727956368862 89.03201398253441 41
1727956379059 90.86483198404312 42
1727956389102 92.92477098107338 43
1727956399147 94.73741999268532 44
1727956409191 96.9281889796257 45
1727956419234 98.76894298195839 46
1727956429278 100.13125598430634 47
1727956439332 101.62085700035095 48
1727956449379 103.0913459956646 49
1727956459517 104.72728598117828 50
1727956469574 106.53743499517441 51
1727956479618 108.05628699064255 52
1727956489684 109.7180569767952 53
1727956499894 111.2086009979248 54
1727956509978 112.91484299302101 55
1727956520022 114.48177298903465 56
1727956530069 116.08686098456383 57
1727956540116 117.42569398880005 58
1727956550161 118.88163897395134 59
1727956560206 120.45818397402763 60
1727956570471 122.02544698119164 61
1727956580518 123.59617698192596 62
1727956590563 124.82379800081253 63
1727956600607 126.40499797463417 64
1727956610739 128.32138699293137 65
1727956620788 129.92650598287582 66
1727956630832 131.26312699913979 67
1727956640878 132.89644798636436 68
1727956650930 134.54578599333763 69
1727956660976 136.14049598574638 70
1727956671022 136.6928139925003 71
1727956681071 136.95008999109268 72
1727956691116 137.28405597805977 73
1727956701178 137.54569497704506 74
