1727955956148 49321.0 0
1727955966444 52616.1 1
1727955976487 52697.6 2
1727955986528 52737.0 3
1727955996569 52767.0 4
1727956006608 52748.7 5
1727956016649 52800.6 6
1727956026705 52811.9 7
1727956036780 52820.4 8
1727956046822 52851.1 9
1727956056926 52991.7 10
1727956066967 52991.2 11
1727956077006 52977.9 12
1727956087047 52956.9 13
1727956097115 52973.8 14
1727956107156 53108.2 15
1727956117226 53034.1 16
1727956127269 53030.5 17
1727956137312 53097.6 18
1727956147371 52183.1 19
1727956157410 53177.3 20
1727956167450 53077.2 21
1727956177503 53184.7 22
1727956187566 53118.0 23
1727956197609 53183.9 24
1727956207931 53264.4 25
1727956217973 53156.4 26
1727956228016 48237.6 27
1727956238081 48305.3 28
1727956248152 47187.8 29
1727956258195 47295.3 30
1727956268239 47349.4 31
1727956278284 47256.8 32
1727956288327 47320.1 33
1727956298390 47375.9 34
1727956308435 47285.8 35
1727956318480 47281.2 36
1727956328523 42312.9 37
1727956338718 42319.7 38
1727956348772 41354.2 39
1727956358817 36442.3 40
1727956368862 36504.4 41
1727956379059 34510.3 42
1727956389102 35517.0 43
1727956399147 35469.1 44
1727956409191 35567.7 45
1727956419234 35481.6 46
1727956429278 30583.6 47
1727956439332 25600.1 48
1727956449379 24520.0 49
1727956459517 24515.5 50
1727956469574 18552.5 51
1727956479618 18657.8 52
1727956489684 18633.2 53
1727956499894 17585.1 54
1727956509978 17586.2 55
1727956520022 17605.8 56
1727956530069 17668.7 57
1727956540116 17591.2 58
1727956550161 17643.8 59
1727956560206 17661.8 60
1727956570471 17639.1 61
1727956580518 17588.8 62
1727956590563 17593.6 63
1727956600607 17664.4 64
1727956610739 17661.3 65
1727956620788 17651.9 66
1727956630832 17661.5 67
1727956640878 17679.3 68
1727956650930 17608.4 69
1727956660976 17424.8 70
1727956671022 17424.6 71
1727956681071 17425.1 72
1727956691116 17425.5 73
1727956701178 17424.6 74
