1727955956148 9.1 0
1727955966444 9.7 1
1727955976487 9.8 2
1727955986528 9.8 3
1727955996569 9.8 4
1727956006608 9.8 5
1727956016649 9.8 6
1727956026705 9.8 7
1727956036780 9.8 8
1727956046822 9.8 9
1727956056926 9.8 10
1727956066967 9.8 11
1727956077006 9.8 12
1727956087047 9.8 13
1727956097115 9.8 14
1727956107156 9.8 15
1727956117226 9.8 16
1727956127269 9.8 17
1727956137312 9.8 18
1727956147371 9.7 19
1727956157410 9.8 20
1727956167450 9.8 21
1727956177503 9.8 22
1727956187566 9.8 23
1727956197609 9.8 24
1727956207931 9.9 25
1727956217973 9.8 26
1727956228016 8.9 27
1727956238081 8.9 28
1727956248152 8.7 29
1727956258195 8.8 30
1727956268239 8.8 31
1727956278284 8.8 32
1727956288327 8.8 33
1727956298390 8.8 34
1727956308435 8.8 35
1727956318480 8.8 36
1727956328523 7.8 37
1727956338718 7.8 38
1727956348772 7.7 39
1727956358817 6.7 40
1727956368862 6.8 41
1727956379059 6.4 42
1727956389102 6.6 43
1727956399147 6.6 44
1727956409191 6.6 45
1727956419234 6.6 46
1727956429278 5.7 47
1727956439332 4.7 48
1727956449379 4.5 49
1727956459517 4.5 50
1727956469574 3.4 51
1727956479618 3.5 52
1727956489684 3.5 53
1727956499894 3.3 54
1727956509978 3.3 55
1727956520022 3.3 56
1727956530069 3.3 57
1727956540116 3.3 58
1727956550161 3.3 59
1727956560206 3.3 60
1727956570471 3.3 61
1727956580518 3.3 62
1727956590563 3.3 63
1727956600607 3.3 64
1727956610739 3.3 65
1727956620788 3.3 66
1727956630832 3.3 67
1727956640878 3.3 68
1727956650930 3.3 69
1727956660976 3.2 70
1727956671022 3.2 71
1727956681071 3.2 72
1727956691116 3.2 73
1727956701178 3.2 74
