1727698634821 100.0 0
1727698645156 100.0 1
1727698655387 100.0 2
1727698665700 100.0 3
1727698675951 100.0 4
1727698686202 100.0 5
1727698696618 100.0 6
1727698706853 100.0 7
1727698717101 100.0 8
1727698727484 100.0 9
1727698737736 100.0 10
1727698748138 100.0 11
1727698758433 100.0 12
1727698768884 100.0 13
1727698779126 100.0 14
1727698789394 100.0 15
1727698799592 100.0 16
1727698810631 100.0 17
1727698820923 99.9 18
1727698831262 100.0 19
1727698841498 100.0 20
1727698851866 100.0 21
1727698862154 100.0 22
1727698872429 100.0 23
1727698882905 100.0 24
1727698893468 100.0 25
1727698903791 100.0 26
1727698914119 100.0 27
1727698924462 100.0 28
1727698934840 100.0 29
1727698945140 99.9 30
1727698955366 100.0 31
1727698965639 100.0 32
1727698975910 100.0 33
