1727698634821 83267.6 0
1727698645156 83267.4 1
1727698655387 83297.3 2
1727698665700 83297.3 3
1727698675951 83294.3 4
1727698686202 83293.7 5
1727698696618 83293.3 6
1727698706853 83293.3 7
1727698717101 83287.2 8
1727698727484 83280.0 9
1727698737736 83271.3 10
1727698748138 83271.0 11
1727698758433 83274.7 12
1727698768884 83274.7 13
1727698779126 83251.8 14
1727698789394 83258.1 15
1727698799592 83249.6 16
1727698810631 83249.3 17
1727698820923 83252.5 18
1727698831262 83252.4 19
1727698841498 83252.2 20
1727698851866 83244.9 21
1727698862154 83263.2 22
1727698872429 83266.2 23
1727698882905 83258.2 24
1727698893468 83256.1 25
1727698903791 83251.8 26
1727698914119 83228.9 27
1727698924462 83228.9 28
1727698934840 83228.8 29
1727698945140 83228.5 30
1727698955366 83228.7 31
1727698965639 83228.0 32
1727698975910 83207.6 33
