1727698634821 427869.5 0
1727698645156 427869.7 1
1727698655387 427839.8 2
1727698665700 427839.8 3
1727698675951 427842.8 4
1727698686202 427843.3 5
1727698696618 427843.8 6
1727698706853 427843.8 7
1727698717101 427849.9 8
1727698727484 427857.1 9
1727698737736 427865.8 10
1727698748138 427866.1 11
1727698758433 427862.4 12
1727698768884 427862.4 13
1727698779126 427885.3 14
1727698789394 427878.9 15
1727698799592 427887.5 16
1727698810631 427887.8 17
1727698820923 427884.6 18
1727698831262 427884.7 19
1727698841498 427884.9 20
1727698851866 427892.1 21
1727698862154 427873.9 22
1727698872429 427870.9 23
1727698882905 427878.9 24
1727698893468 427881.0 25
1727698903791 427885.3 26
1727698914119 427908.2 27
1727698924462 427908.2 28
1727698934840 427908.3 29
1727698945140 427908.6 30
1727698955366 427908.4 31
1727698965639 427909.1 32
1727698975910 427929.5 33
