1727698634821 83.7 0
1727698645156 83.7 1
1727698655387 83.7 2
1727698665700 83.7 3
1727698675951 83.7 4
1727698686202 83.7 5
1727698696618 83.7 6
1727698706853 83.7 7
1727698717101 83.7 8
1727698727484 83.7 9
1727698737736 83.7 10
1727698748138 83.7 11
1727698758433 83.7 12
1727698768884 83.7 13
1727698779126 83.7 14
1727698789394 83.7 15
1727698799592 83.7 16
1727698810631 83.7 17
1727698820923 83.7 18
1727698831262 83.7 19
1727698841498 83.7 20
1727698851866 83.7 21
1727698862154 83.7 22
1727698872429 83.7 23
1727698882905 83.7 24
1727698893468 83.7 25
1727698903791 83.7 26
1727698914119 83.7 27
1727698924462 83.7 28
1727698934840 83.7 29
1727698945140 83.7 30
1727698955366 83.7 31
1727698965639 83.7 32
1727698975910 83.7 33
