1727698634821 266.8 0
1727698645156 317.7 1
1727698655387 319.0 2
1727698665700 317.8 3
1727698675951 292.2 4
1727698686202 357.8 5
1727698696618 321.5 6
1727698706853 293.7 7
1727698717101 296.3 8
1727698727484 302.9 9
1727698737736 278.9 10
1727698748138 271.5 11
1727698758433 269.8 12
1727698768884 242.6 13
1727698779126 248.6 14
1727698789394 239.0 15
1727698799592 254.1 16
1727698810631 269.2 17
1727698820923 268.7 18
1727698831262 298.6 19
1727698841498 259.9 20
1727698851866 257.6 21
1727698862154 260.5 22
1727698872429 241.9 23
1727698882905 250.0 24
1727698893468 243.3 25
1727698903791 281.5 26
1727698914119 255.5 27
1727698924462 274.7 28
1727698934840 281.3 29
1727698945140 261.8 30
1727698955366 289.1 31
1727698965639 283.8 32
1727698975910 265.6 33
