1727698634821 12.4 0
1727698645156 14.8 1
1727698655387 14.9 2
1727698665700 14.8 3
1727698675951 13.6 4
1727698686202 16.7 5
1727698696618 15.0 6
1727698706853 13.7 7
1727698717101 13.8 8
1727698727484 14.1 9
1727698737736 13.0 10
1727698748138 12.6 11
1727698758433 12.6 12
1727698768884 11.3 13
1727698779126 11.6 14
1727698789394 11.1 15
1727698799592 11.8 16
1727698810631 12.5 17
1727698820923 12.5 18
1727698831262 13.9 19
1727698841498 12.1 20
1727698851866 12.0 21
1727698862154 12.1 22
1727698872429 11.3 23
1727698882905 11.6 24
1727698893468 11.3 25
1727698903791 13.1 26
1727698914119 11.9 27
1727698924462 12.8 28
1727698934840 13.1 29
1727698945140 12.2 30
1727698955366 13.5 31
1727698965639 13.2 32
1727698975910 12.4 33
