1727698634821 27.0 0
1727698645156 16.0 1
1727698655387 4.0 2
1727698665700 4.0 3
1727698675951 6.0 4
1727698686202 32.0 5
1727698696618 17.0 6
1727698706853 11.0 7
1727698717101 4.0 8
1727698727484 10.0 9
1727698737736 17.0 10
1727698748138 23.0 11
1727698758433 0.0 12
1727698768884 8.0 13
1727698779126 0.0 14
1727698789394 14.0 15
1727698799592 16.0 16
1727698810631 3.0 17
1727698820923 17.0 18
1727698831262 11.0 19
1727698841498 14.0 20
1727698851866 21.0 21
1727698862154 15.0 22
1727698872429 15.0 23
1727698882905 14.0 24
1727698893468 24.0 25
1727698903791 12.0 26
1727698914119 13.0 27
1727698924462 18.0 28
1727698934840 8.0 29
1727698945140 9.0 30
1727698955366 16.0 31
1727698965639 8.0 32
1727698975910 12.0 33
