1727698634821 0.0 0
1727698645156 0.04718399999990197 1
1727698655387 0.05475099999989652 2
1727698665700 0.05645599999991191 3
1727698675951 0.0660809999999401 4
1727698686202 0.33880599999997685 5
1727698696618 0.9440039999999499 6
1727698706853 1.5798619999999346 7
1727698717101 1.9273399999999583 8
1727698727484 1.9607709999999088 9
1727698737736 2.034224999999992 10
1727698748138 2.077199999999948 11
1727698758433 2.084400999999957 12
1727698768884 2.0969829999999092 13
1727698779126 2.113271999999938 14
1727698789394 2.113403999999946 15
1727698799592 2.129793999999947 16
1727698810631 2.2004029999999375 17
1727698820923 2.7098669999999174 18
1727698831262 2.847857999999974 19
1727698841498 2.862276999999949 20
1727698851866 2.9696859999999106 21
1727698862154 5.497833999999898 22
1727698872429 5.589041999999949 23
1727698882905 5.643925999999965 24
1727698893468 5.82818599999996 25
1727698903791 5.990820999999983 26
1727698914119 6.0107719999999745 27
1727698924462 6.012145999999916 28
1727698934840 6.144424999999956 29
1727698945140 6.178694999999948 30
1727698955366 6.339987999999948 31
1727698965639 6.343868999999927 32
1727698975910 6.392380000000003 33
