1727698634821 0.0 0
1727698645156 0.024710999999999927 1
1727698655387 0.037718000000001695 2
1727698665700 0.04242200000000196 3
1727698675951 0.046690000000001675 4
1727698686202 0.1354190000000024 5
1727698696618 0.2099960000000003 6
1727698706853 0.2617450000000012 7
1727698717101 0.30183600000000155 8
1727698727484 0.3108890000000031 9
1727698737736 0.3349460000000022 10
1727698748138 0.3596900000000005 11
1727698758433 0.3632460000000002 12
1727698768884 0.3681739999999998 13
1727698779126 0.3832940000000029 14
1727698789394 0.3834040000000023 15
1727698799592 0.3906109999999998 16
1727698810631 0.42362500000000125 17
1727698820923 0.5010800000000017 18
1727698831262 0.5291950000000014 19
1727698841498 0.5438600000000022 20
1727698851866 0.572332000000003 21
1727698862154 0.660262000000003 22
1727698872429 0.6861860000000028 23
1727698882905 0.6991060000000004 24
1727698893468 0.7432450000000017 25
1727698903791 0.783334 26
1727698914119 0.7927470000000021 27
1727698924462 0.7958200000000026 28
1727698934840 0.8437970000000021 29
1727698945140 0.8561690000000013 30
1727698955366 0.8932719999999996 31
1727698965639 0.8990190000000027 32
1727698975910 0.9276390000000028 33
