1727698634821 92.6 0
1727698645156 95.0 1
1727698655387 93.8 2
1727698665700 93.5 3
1727698675951 93.6 4
1727698686202 94.4 5
1727698696618 95.6 6
1727698706853 96.0 7
1727698717101 96.5 8
1727698727484 95.9 9
1727698737736 96.2 10
1727698748138 97.5 11
1727698758433 96.0 12
1727698768884 96.6 13
1727698779126 95.4 14
1727698789394 94.0 15
1727698799592 93.9 16
1727698810631 94.1 17
1727698820923 94.2 18
1727698831262 95.0 19
1727698841498 94.7 20
1727698851866 94.9 21
1727698862154 94.3 22
1727698872429 93.2 23
1727698882905 93.3 24
1727698893468 93.8 25
1727698903791 94.8 26
1727698914119 95.9 27
1727698924462 95.6 28
1727698934840 95.6 29
1727698945140 95.8 30
1727698955366 96.0 31
1727698965639 94.9 32
1727698975910 93.8 33
