1727698634821 15731.5 0
1727698645156 16129.2 1
1727698655387 15927.0 2
1727698665700 15885.1 3
1727698675951 15900.1 4
1727698686202 16038.5 5
1727698696618 16241.0 6
1727698706853 16301.7 7
1727698717101 16390.5 8
1727698727484 16296.7 9
1727698737736 16338.8 10
1727698748138 16564.0 11
1727698758433 16311.5 12
1727698768884 16399.3 13
1727698779126 16200.3 14
1727698789394 15963.4 15
1727698799592 15944.1 16
1727698810631 15984.8 17
1727698820923 15992.5 18
1727698831262 16142.2 19
1727698841498 16078.4 20
1727698851866 16114.5 21
1727698862154 16012.1 22
1727698872429 15832.7 23
1727698882905 15847.9 24
1727698893468 15929.0 25
1727698903791 16102.2 26
1727698914119 16289.0 27
1727698924462 16239.0 28
1727698934840 16240.4 29
1727698945140 16278.3 30
1727698955366 16301.0 31
1727698965639 16125.3 32
1727698975910 15939.0 33
