1727963086979 25338.1 0
1727963097099 25338.0 1
1727963107138 25338.0 2
1727963117173 25338.0 3
1727963127215 25338.0 4
1727963137254 25338.0 5
1727963147295 25338.0 6
1727963157358 25338.0 7
1727963167494 25338.0 8
1727963177574 25338.0 9
1727963187613 25338.0 10
1727963197661 25338.0 11
1727963207702 25338.0 12
1727963217737 25338.1 13
1727963227774 25338.1 14
1727963237812 25338.1 15
1727963247851 25338.1 16
1727963257887 25338.1 17
1727963267925 25338.1 18
1727963277973 25338.1 19
1727963288012 25338.1 20
1727963298051 25338.1 21
1727963308091 25338.1 22
1727963318129 25338.1 23
1727963328167 25338.1 24
1727963338226 25338.1 25
1727963348280 25338.1 26
1727963358332 25338.1 27
1727963368372 25338.1 28
1727963378409 25338.1 29
1727963388451 25338.1 30
1727963398515 25338.1 31
1727963408561 25338.1 32
1727963418607 25338.1 33
1727963428651 25338.1 34
1727963438695 25338.1 35
1727963448732 25338.1 36
1727963458771 25338.1 37
1727963468809 25338.1 38
1727963478846 25338.1 39
1727963488884 25338.1 40
1727963498923 25338.1 41
1727963508962 25338.1 42
1727963519002 25338.1 43
1727963529071 25338.1 44
1727963539115 25338.1 45
1727963549215 25338.1 46
1727963559256 25338.1 47
1727963569297 25338.1 48
1727963579338 25338.1 49
1727963589409 25338.1 50
1727963599458 25338.0 51
1727963609496 25338.1 52
1727963619536 25338.1 53
1727963629577 25338.0 54
1727963639618 25338.0 55
1727963649684 25338.0 56
1727963659724 25338.1 57
1727963669765 25338.1 58
1727963679807 25338.1 59
1727963689849 25338.0 60
1727963699912 25338.0 61
1727963709953 25338.0 62
1727963719994 25338.1 63
1727963730035 25338.1 64
1727963740078 25338.0 65
1727963750152 25338.0 66
1727963760215 25338.0 67
1727963770257 25338.0 68
1727963780298 25338.0 69
1727963790339 25338.0 70
1727963800381 25338.1 71
1727963810421 25338.0 72
1727963820492 25338.1 73
1727963830545 25338.0 74
1727963840588 25338.0 75
1727963850629 25338.1 76
1727963860673 25338.0 77
1727963870717 25338.1 78
1727963880759 25338.1 79
1727963890803 25338.0 80
1727963900844 25338.1 81
1727963910900 25338.0 82
1727963920952 25338.0 83
1727963930994 25338.0 84
1727963941046 25338.0 85
1727963951087 25338.0 86
1727963961128 25338.0 87
1727963971172 25338.1 88
1727963981228 25338.1 89
1727963991282 25338.0 90
1727964001329 25338.0 91
1727964011374 25338.0 92
1727964021417 25338.1 93
1727964031459 25338.0 94
1727964041502 25338.0 95
1727964051545 25338.1 96
1727964061590 25338.0 97
1727964071735 25338.1 98
1727964081777 25338.1 99
1727964091818 25338.1 100
1727964102097 25338.0 101
1727964112176 25338.1 102
1727964122239 25338.0 103
1727964132298 25338.1 104
1727964142340 25338.0 105
1727964152388 25338.0 106
1727964162431 25338.0 107
1727964172471 25338.0 108
1727964182516 25338.0 109
1727964192572 25338.1 110
1727964202616 25338.0 111
1727964212669 25338.1 112
1727964222726 25338.0 113
1727964233028 25338.0 114
1727964243090 25338.0 115
1727964253134 25338.0 116
1727964263176 25338.1 117
1727964273218 25338.1 118
1727964283264 25338.0 119
1727964293309 25338.0 120
1727964303353 25338.1 121
1727964313395 25338.1 122
1727964323437 25338.0 123
1727964333482 25338.1 124
1727964343537 25338.0 125
1727964353714 25338.1 126
1727964363824 25338.0 127
1727964373870 25338.0 128
1727964383914 25338.1 129
1727964393958 25338.1 130
1727964404004 25338.1 131
1727964414058 25338.0 132
1727964424269 25338.0 133
1727964434322 25338.0 134
1727964444366 25338.0 135
1727964454409 25338.0 136
1727964464453 25338.0 137
1727964474497 25338.0 138
1727964484559 25338.0 139
1727964494631 25338.0 140
1727964504675 25338.0 141
1727964514720 25338.0 142
1727964524762 25338.0 143
1727964534804 25338.0 144
1727964544850 25338.0 145
1727964554905 25338.0 146
1727964564951 25338.0 147
1727964574996 25338.1 148
1727964585042 25338.1 149
1727964595188 25338.1 150
1727964605402 25338.0 151
1727964615451 25338.1 152
1727964625495 25338.1 153
1727964635541 25338.1 154
1727964645658 25338.1 155
1727964655703 25338.1 156
1727964665747 25338.1 157
1727964675794 25338.0 158
1727964685839 25338.1 159
1727964695884 25338.0 160
1727964705946 25338.1 161
1727964716008 25338.1 162
1727964726073 25338.1 163
1727964736126 25338.1 164
1727964746172 25338.1 165
1727964756219 25338.0 166
1727964766266 25338.1 167
1727964776701 25338.1 168
1727964786765 25338.1 169
1727964796875 25338.1 170
1727964806926 25338.1 171
1727964816975 25338.1 172
1727964827023 25338.1 173
1727964837070 25338.1 174
1727964847135 25338.1 175
1727964857182 25338.1 176
