1727963086979 213481.4 0
1727963097099 213481.4 1
1727963107138 213481.4 2
1727963117173 213481.4 3
1727963127215 213481.4 4
1727963137254 213481.4 5
1727963147295 213481.4 6
1727963157358 213481.4 7
1727963167494 213481.4 8
1727963177574 213481.4 9
1727963187613 213481.4 10
1727963197661 213481.4 11
1727963207702 213481.4 12
1727963217737 213481.4 13
1727963227774 213481.3 14
1727963237812 213481.4 15
1727963247851 213481.3 16
1727963257887 213481.4 17
1727963267925 213481.3 18
1727963277973 213481.4 19
1727963288012 213481.4 20
1727963298051 213481.3 21
1727963308091 213481.3 22
1727963318129 213481.4 23
1727963328167 213481.3 24
1727963338226 213481.4 25
1727963348280 213481.4 26
1727963358332 213481.4 27
1727963368372 213481.4 28
1727963378409 213481.3 29
1727963388451 213481.3 30
1727963398515 213481.4 31
1727963408561 213481.4 32
1727963418607 213481.4 33
1727963428651 213481.4 34
1727963438695 213481.4 35
1727963448732 213481.4 36
1727963458771 213481.4 37
1727963468809 213481.3 38
1727963478846 213481.3 39
1727963488884 213481.4 40
1727963498923 213481.3 41
1727963508962 213481.3 42
1727963519002 213481.3 43
1727963529071 213481.3 44
1727963539115 213481.3 45
1727963549215 213481.4 46
1727963559256 213481.4 47
1727963569297 213481.4 48
1727963579338 213481.4 49
1727963589409 213481.4 50
1727963599458 213481.4 51
1727963609496 213481.4 52
1727963619536 213481.4 53
1727963629577 213481.4 54
1727963639618 213481.4 55
1727963649684 213481.4 56
1727963659724 213481.4 57
1727963669765 213481.4 58
1727963679807 213481.4 59
1727963689849 213481.4 60
1727963699912 213481.4 61
1727963709953 213481.4 62
1727963719994 213481.4 63
1727963730035 213481.4 64
1727963740078 213481.4 65
1727963750152 213481.4 66
1727963760215 213481.4 67
1727963770257 213481.4 68
1727963780298 213481.4 69
1727963790339 213481.4 70
1727963800381 213481.4 71
1727963810421 213481.4 72
1727963820492 213481.4 73
1727963830545 213481.4 74
1727963840588 213481.4 75
1727963850629 213481.4 76
1727963860673 213481.4 77
1727963870717 213481.4 78
1727963880759 213481.4 79
1727963890803 213481.4 80
1727963900844 213481.4 81
1727963910900 213481.4 82
1727963920952 213481.4 83
1727963930994 213481.4 84
1727963941046 213481.4 85
1727963951087 213481.4 86
1727963961128 213481.4 87
1727963971172 213481.4 88
1727963981228 213481.4 89
1727963991282 213481.4 90
1727964001329 213481.4 91
1727964011374 213481.4 92
1727964021417 213481.4 93
1727964031459 213481.4 94
1727964041502 213481.4 95
1727964051545 213481.4 96
1727964061590 213481.4 97
1727964071735 213481.4 98
1727964081777 213481.4 99
1727964091818 213481.4 100
1727964102097 213481.4 101
1727964112176 213481.4 102
1727964122239 213481.4 103
1727964132298 213481.4 104
1727964142340 213481.4 105
1727964152388 213481.4 106
1727964162431 213481.4 107
1727964172471 213481.4 108
1727964182516 213481.4 109
1727964192572 213481.4 110
1727964202616 213481.4 111
1727964212669 213481.4 112
1727964222726 213481.4 113
1727964233028 213481.4 114
1727964243090 213481.4 115
1727964253134 213481.4 116
1727964263176 213481.4 117
1727964273218 213481.4 118
1727964283264 213481.4 119
1727964293309 213481.4 120
1727964303353 213481.4 121
1727964313395 213481.4 122
1727964323437 213481.4 123
1727964333482 213481.4 124
1727964343537 213481.4 125
1727964353714 213481.4 126
1727964363824 213481.4 127
1727964373870 213481.4 128
1727964383914 213481.4 129
1727964393958 213481.4 130
1727964404004 213481.4 131
1727964414058 213481.4 132
1727964424269 213481.4 133
1727964434322 213481.4 134
1727964444366 213481.4 135
1727964454409 213481.4 136
1727964464453 213481.4 137
1727964474497 213481.4 138
1727964484559 213481.4 139
1727964494631 213481.4 140
1727964504675 213481.4 141
1727964514720 213481.4 142
1727964524762 213481.4 143
1727964534804 213481.4 144
1727964544850 213481.4 145
1727964554905 213481.4 146
1727964564951 213481.4 147
1727964574996 213481.3 148
1727964585042 213481.4 149
1727964595188 213481.3 150
1727964605402 213481.4 151
1727964615451 213481.4 152
1727964625495 213481.4 153
1727964635541 213481.4 154
1727964645658 213481.4 155
1727964655703 213481.4 156
1727964665747 213481.4 157
1727964675794 213481.4 158
1727964685839 213481.4 159
1727964695884 213481.4 160
1727964705946 213481.4 161
1727964716008 213481.4 162
1727964726073 213481.4 163
1727964736126 213481.4 164
1727964746172 213481.4 165
1727964756219 213481.4 166
1727964766266 213481.4 167
1727964776701 213481.4 168
1727964786765 213481.4 169
1727964796875 213481.4 170
1727964806926 213481.4 171
1727964816975 213481.4 172
1727964827023 213481.4 173
1727964837070 213481.4 174
1727964847135 213481.4 175
1727964857182 213481.4 176
