1727963086979 10.6 0
1727963097099 10.6 1
1727963107138 10.6 2
1727963117173 10.6 3
1727963127215 10.6 4
1727963137254 10.6 5
1727963147295 10.6 6
1727963157358 10.6 7
1727963167494 10.6 8
1727963177574 10.6 9
1727963187613 10.6 10
1727963197661 10.6 11
1727963207702 10.6 12
1727963217737 10.6 13
1727963227774 10.6 14
1727963237812 10.6 15
1727963247851 10.6 16
1727963257887 10.6 17
1727963267925 10.6 18
1727963277973 10.6 19
1727963288012 10.6 20
1727963298051 10.6 21
1727963308091 10.6 22
1727963318129 10.6 23
1727963328167 10.6 24
1727963338226 10.6 25
1727963348280 10.6 26
1727963358332 10.6 27
1727963368372 10.6 28
1727963378409 10.6 29
1727963388451 10.6 30
1727963398515 10.6 31
1727963408561 10.6 32
1727963418607 10.6 33
1727963428651 10.6 34
1727963438695 10.6 35
1727963448732 10.6 36
1727963458771 10.6 37
1727963468809 10.6 38
1727963478846 10.6 39
1727963488884 10.6 40
1727963498923 10.6 41
1727963508962 10.6 42
1727963519002 10.6 43
1727963529071 10.6 44
1727963539115 10.6 45
1727963549215 10.6 46
1727963559256 10.6 47
1727963569297 10.6 48
1727963579338 10.6 49
1727963589409 10.6 50
1727963599458 10.6 51
1727963609496 10.6 52
1727963619536 10.6 53
1727963629577 10.6 54
1727963639618 10.6 55
1727963649684 10.6 56
1727963659724 10.6 57
1727963669765 10.6 58
1727963679807 10.6 59
1727963689849 10.6 60
1727963699912 10.6 61
1727963709953 10.6 62
1727963719994 10.6 63
1727963730035 10.6 64
1727963740078 10.6 65
1727963750152 10.6 66
1727963760215 10.6 67
1727963770257 10.6 68
1727963780298 10.6 69
1727963790339 10.6 70
1727963800381 10.6 71
1727963810421 10.6 72
1727963820492 10.6 73
1727963830545 10.6 74
1727963840588 10.6 75
1727963850629 10.6 76
1727963860673 10.6 77
1727963870717 10.6 78
1727963880759 10.6 79
1727963890803 10.6 80
1727963900844 10.6 81
1727963910900 10.6 82
1727963920952 10.6 83
1727963930994 10.6 84
1727963941046 10.6 85
1727963951087 10.6 86
1727963961128 10.6 87
1727963971172 10.6 88
1727963981228 10.6 89
1727963991282 10.6 90
1727964001329 10.6 91
1727964011374 10.6 92
1727964021417 10.6 93
1727964031459 10.6 94
1727964041502 10.6 95
1727964051545 10.6 96
1727964061590 10.6 97
1727964071735 10.6 98
1727964081777 10.6 99
1727964091818 10.6 100
1727964102097 10.6 101
1727964112176 10.6 102
1727964122239 10.6 103
1727964132298 10.6 104
1727964142340 10.6 105
1727964152388 10.6 106
1727964162431 10.6 107
1727964172471 10.6 108
1727964182516 10.6 109
1727964192572 10.6 110
1727964202616 10.6 111
1727964212669 10.6 112
1727964222726 10.6 113
1727964233028 10.6 114
1727964243090 10.6 115
1727964253134 10.6 116
1727964263176 10.6 117
1727964273218 10.6 118
1727964283264 10.6 119
1727964293309 10.6 120
1727964303353 10.6 121
1727964313395 10.6 122
1727964323437 10.6 123
1727964333482 10.6 124
1727964343537 10.6 125
1727964353714 10.6 126
1727964363824 10.6 127
1727964373870 10.6 128
1727964383914 10.6 129
1727964393958 10.6 130
1727964404004 10.6 131
1727964414058 10.6 132
1727964424269 10.6 133
1727964434322 10.6 134
1727964444366 10.6 135
1727964454409 10.6 136
1727964464453 10.6 137
1727964474497 10.6 138
1727964484559 10.6 139
1727964494631 10.6 140
1727964504675 10.6 141
1727964514720 10.6 142
1727964524762 10.6 143
1727964534804 10.6 144
1727964544850 10.6 145
1727964554905 10.6 146
1727964564951 10.6 147
1727964574996 10.6 148
1727964585042 10.6 149
1727964595188 10.6 150
1727964605402 10.6 151
1727964615451 10.6 152
1727964625495 10.6 153
1727964635541 10.6 154
1727964645658 10.6 155
1727964655703 10.6 156
1727964665747 10.6 157
1727964675794 10.6 158
1727964685839 10.6 159
1727964695884 10.6 160
1727964705946 10.6 161
1727964716008 10.6 162
1727964726073 10.6 163
1727964736126 10.6 164
1727964746172 10.6 165
1727964756219 10.6 166
1727964766266 10.6 167
1727964776701 10.6 168
1727964786765 10.6 169
1727964796875 10.6 170
1727964806926 10.6 171
1727964816975 10.6 172
1727964827023 10.6 173
1727964837070 10.6 174
1727964847135 10.6 175
1727964857182 10.6 176
