1727963086979 0.005308002233505249 0
1727963097099 0.665928989648819 1
1727963107138 0.9441829919815063 2
1727963117173 1.328365981578827 3
1727963127215 1.4929949939250946 4
1727963137254 2.518266975879669 5
1727963147295 3.61184099316597 6
1727963157358 4.7075709998607635 7
1727963167494 5.186195999383926 8
1727963177574 5.8155079782009125 9
1727963187613 6.466997981071472 10
1727963197661 7.733186990022659 11
1727963207702 8.365202993154526 12
1727963217737 9.357273995876312 13
1727963227774 10.698221981525421 14
1727963237812 11.565124988555908 15
1727963247851 12.848655998706818 16
1727963257887 13.482923984527588 17
1727963267925 14.013985991477966 18
1727963277973 15.1389419734478 19
1727963288012 15.261285990476608 20
1727963298051 16.6505009829998 21
1727963308091 17.17934998869896 22
1727963318129 18.352451980113983 23
1727963328167 18.74770998954773 24
1727963338226 19.943079978227615 25
1727963348280 20.140423983335495 26
1727963358332 21.313936978578568 27
1727963368372 21.720848977565765 28
1727963378409 22.459605991840363 29
1727963388451 23.739077001810074 30
1727963398515 24.597217977046967 31
1727963408561 24.739939987659454 32
1727963418607 26.018649995326996 33
1727963428651 26.39019399881363 34
1727963438695 27.18463197350502 35
1727963448732 27.99838599562645 36
1727963458771 28.13298198580742 37
1727963468809 28.577521979808807 38
1727963478846 29.378448992967606 39
1727963488884 30.12906900048256 40
1727963498923 31.48286098241806 41
1727963508962 32.29512199759483 42
1727963519002 33.6053309738636 43
1727963529071 34.99725300073624 44
1727963539115 36.270775973796844 45
1727963549215 37.65135699510574 46
1727963559256 39.0788479745388 47
1727963569297 40.52821397781372 48
1727963579338 42.0428269803524 49
1727963589409 43.3442479968071 50
1727963599458 44.3639919757843 51
1727963609496 45.641519993543625 52
1727963619536 46.987663984298706 53
1727963629577 48.188744992017746 54
1727963639618 49.59438398480415 55
1727963649684 51.02007699012756 56
1727963659724 52.5611409842968 57
1727963669765 53.832329988479614 58
1727963679807 55.210475981235504 59
1727963689849 56.75796699523926 60
1727963699912 57.66283097863197 61
1727963709953 57.89700397849083 62
1727963719994 58.89340698719025 63
1727963730035 60.175830990076065 64
1727963740078 61.39106297492981 65
1727963750152 62.91549399495125 66
1727963760215 64.40133798122406 67
1727963770257 64.70567700266838 68
1727963780298 65.73996397852898 69
1727963790339 66.77902799844742 70
1727963800381 67.22932597994804 71
1727963810421 68.43758699297905 72
1727963820492 69.94906798005104 73
1727963830545 71.25312599539757 74
1727963840588 72.05638998746872 75
1727963850629 72.64392298460007 76
1727963860673 73.96066898107529 77
1727963870717 75.55134397745132 78
1727963880759 77.10303297638893 79
1727963890803 78.13228899240494 80
1727963900844 79.4925909936428 81
1727963910900 81.24330097436905 82
1727963920952 82.74022498726845 83
1727963930994 83.09303599596024 84
1727963941046 83.26179400086403 85
1727963951087 83.46866497397423 86
1727963961128 83.65130898356438 87
1727963971172 84.14818498492241 88
1727963981228 85.78769698739052 89
1727963991282 86.58678197860718 90
1727964001329 87.84445497393608 91
1727964011374 89.32550099492073 92
1727964021417 90.90492299199104 93
1727964031459 91.44538998603821 94
1727964041502 91.67091000080109 95
1727964051545 92.94883298873901 96
1727964061590 94.01677599549294 97
1727964071735 94.84033498167992 98
1727964081777 96.50167998671532 99
1727964091818 97.60772398114204 100
1727964102097 97.8970499932766 101
1727964112176 99.51324999332428 102
1727964122239 101.12826499342918 103
1727964132298 102.66610699892044 104
1727964142340 103.75147098302841 105
1727964152388 103.94722497463226 106
1727964162431 104.20215797424316 107
1727964172471 104.41170197725296 108
1727964182516 104.61075899004936 109
1727964192572 105.4784189760685 110
1727964202616 106.8302129805088 111
1727964212669 108.56587398052216 112
1727964222726 110.12377497553825 113
1727964233028 110.93323397636414 114
1727964243090 111.84966298937798 115
1727964253134 113.07038998603821 116
1727964263176 113.75711497664452 117
1727964273218 115.23901697993279 118
1727964283264 115.80739599466324 119
1727964293309 116.84636700153351 120
1727964303353 118.44395497441292 121
1727964313395 119.9016509950161 122
1727964323437 121.64583298563957 123
1727964333482 123.25412598252296 124
1727964343537 125.07081797719002 125
1727964353714 126.54305598139763 126
1727964363824 128.33626499772072 127
1727964373870 129.42825198173523 128
1727964383914 130.1876019835472 129
1727964393958 131.8030849993229 130
1727964404004 133.3410609960556 131
1727964414058 135.17388099431992 132
1727964424269 136.6967919766903 133
1727964434322 138.36404797434807 134
1727964444366 140.06706699728966 135
1727964454409 140.49219200015068 136
1727964464453 140.77305498719215 137
1727964474497 141.01927599310875 138
1727964484559 141.2518769800663 139
1727964494631 141.49253699183464 140
1727964504675 141.84936597943306 141
1727964514720 142.24886697530746 142
1727964524762 142.90192899107933 143
1727964534804 143.13600799441338 144
1727964544850 143.386480987072 145
1727964554905 143.6232349872589 146
1727964564951 143.85474699735641 147
1727964574996 144.91285198926926 148
1727964585042 146.75179597735405 149
1727964595188 148.2861419916153 150
1727964605402 150.09010300040245 151
1727964615451 151.4862889945507 152
1727964625495 151.72727799415588 153
1727964635541 152.84899500012398 154
1727964645658 154.42229199409485 155
1727964655703 156.41785797476768 156
1727964665747 158.16683399677277 157
1727964675794 159.4690489768982 158
1727964685839 161.14699000120163 159
1727964695884 162.96836400032043 160
1727964705946 164.35103997588158 161
1727964716008 166.11602798104286 162
1727964726073 167.93794497847557 163
1727964736126 169.50773099064827 164
1727964746172 171.34676399827003 165
1727964756219 173.0182829797268 166
1727964766266 174.45881497859955 167
1727964776701 176.2414149940014 168
1727964786765 177.74086499214172 169
1727964796875 179.50504899024963 170
1727964806926 181.32640898227692 171
1727964816975 182.01300099492073 172
1727964827023 182.29885298013687 173
1727964837070 182.79247999191284 174
1727964847135 183.05745899677277 175
1727964857182 183.33466798067093 176
