1727963086979 0.0034539997577667236 0
1727963097099 0.7382679879665375 1
1727963107138 1.0130169987678528 2
1727963117173 1.4036830067634583 3
1727963127215 1.547989010810852 4
1727963137254 2.5902229845523834 5
1727963147295 3.8698169887065887 6
1727963157358 5.1811380088329315 7
1727963167494 5.691109001636505 8
1727963177574 6.257403999567032 9
1727963187613 6.85028401017189 10
1727963197661 7.995074987411499 11
1727963207702 8.603067010641098 12
1727963217737 9.505575984716415 13
1727963227774 10.824068009853363 14
1727963237812 11.58076998591423 15
1727963247851 12.737998008728027 16
1727963257887 13.273625999689102 17
1727963267925 13.801934987306595 18
1727963277973 14.839809000492096 19
1727963288012 14.930521011352539 20
1727963298051 16.262762993574142 21
1727963308091 16.70641601085663 22
1727963318129 17.610466986894608 23
1727963328167 17.953680992126465 24
1727963338226 19.1245119869709 25
1727963348280 19.266539990901947 26
1727963358332 20.382611006498337 27
1727963368372 20.72265699505806 28
1727963378409 21.366640985012054 29
1727963388451 22.479056000709534 30
1727963398515 23.316818982362747 31
1727963408561 23.41303500533104 32
1727963418607 24.607901990413666 33
1727963428651 24.93180000782013 34
1727963438695 25.616454988718033 35
1727963448732 26.311946004629135 36
1727963458771 26.431403011083603 37
1727963468809 26.86149400472641 38
1727963478846 27.62553098797798 39
1727963488884 28.3415649831295 40
1727963498923 29.467146009206772 41
1727963508962 30.17467698454857 42
1727963519002 31.287245988845825 43
1727963529071 32.50967800617218 44
1727963539115 33.67301398515701 45
1727963549215 34.93602401018143 46
1727963559256 36.119253009557724 47
1727963569297 37.366043984889984 48
1727963579338 38.67772200703621 49
1727963589409 39.83057498931885 50
1727963599458 40.7348729968071 51
1727963609496 41.700264006853104 52
1727963619536 42.85014000535011 53
1727963629577 43.847617983818054 54
1727963639618 45.01308098435402 55
1727963649684 46.198329001665115 56
1727963659724 47.54304000735283 57
1727963669765 48.63342300057411 58
1727963679807 49.798350006341934 59
1727963689849 51.09307998418808 60
1727963699912 51.795816004276276 61
1727963709953 51.93412399291992 62
1727963719994 52.9023659825325 63
1727963730035 53.98296299576759 64
1727963740078 55.0173200070858 65
1727963750152 56.247824996709824 66
1727963760215 57.45186999440193 67
1727963770257 57.6327860057354 68
1727963780298 58.631233006715775 69
1727963790339 59.45734399557114 70
1727963800381 59.82394298911095 71
1727963810421 60.91660699248314 72
1727963820492 62.12676399946213 73
1727963830545 63.16789600253105 74
1727963840588 63.72518599033356 75
1727963850629 64.31727901101112 76
1727963860673 65.42153599858284 77
1727963870717 66.73831698298454 78
1727963880759 67.97009700536728 79
1727963890803 68.81031000614166 80
1727963900844 69.88552498817444 81
1727963910900 71.1482490003109 82
1727963920952 72.48237898945808 83
1727963930994 72.68420100212097 84
1727963941046 72.828449010849 85
1727963951087 73.01005399227142 86
1727963961128 73.1805340051651 87
1727963971172 73.6540549993515 88
1727963981228 75.14991599321365 89
1727963991282 75.73970600962639 90
1727964001329 76.67551100254059 91
1727964011374 77.93747100234032 92
1727964021417 79.16000300645828 93
1727964031459 79.54743400216103 94
1727964041502 79.70510599017143 95
1727964051545 80.9759950041771 96
1727964061590 81.73597198724747 97
1727964071735 82.47310900688171 98
1727964081777 83.75767800211906 99
1727964091818 84.54461199045181 100
1727964102097 84.7637540102005 101
1727964112176 86.21349599957466 102
1727964122239 87.50631800293922 103
1727964132298 88.6576229929924 104
1727964142340 89.41447800397873 105
1727964152388 89.5823960006237 106
1727964162431 89.76626700162888 107
1727964172471 89.94710400700569 108
1727964182516 90.11826199293137 109
1727964192572 91.0212729871273 110
1727964202616 92.16612499952316 111
1727964212669 93.34261301159859 112
1727964222726 94.47611698508263 113
1727964233028 95.07565599679947 114
1727964243090 95.92011800408363 115
1727964253134 96.79320999979973 116
1727964263176 97.46284499764442 117
1727964273218 98.76875698566437 118
1727964283264 99.12452200055122 119
1727964293309 100.08613899350166 120
1727964303353 101.25154599547386 121
1727964313395 102.33406800031662 122
1727964323437 103.63161399960518 123
1727964333482 105.0990659892559 124
1727964343537 106.42463499307632 125
1727964353714 107.4620749950409 126
1727964363824 108.79193899035454 127
1727964373870 109.68007698655128 128
1727964383914 110.23191899061203 129
1727964393958 111.66744899749756 130
1727964404004 112.72563198208809 131
1727964414058 114.07554998993874 132
1727964424269 115.16126999258995 133
1727964434322 116.54274898767471 134
1727964444366 117.79258999228477 135
1727964454409 118.00336900353432 136
1727964464453 118.21454501152039 137
1727964474497 118.43180701136589 138
1727964484559 118.63725399971008 139
1727964494631 118.84938099980354 140
1727964504675 119.18503400683403 141
1727964514720 119.40785500407219 142
1727964524762 119.94366601109505 143
1727964534804 120.15154400467873 144
1727964544850 120.37421599030495 145
1727964554905 120.58146798610687 146
1727964564951 120.78353399038315 147
1727964574996 121.84658199548721 148
1727964585042 123.66220900416374 149
1727964595188 124.72665199637413 150
1727964605402 126.03101998567581 151
1727964615451 126.9692559838295 152
1727964625495 127.18112000823021 153
1727964635541 128.2614539861679 154
1727964645658 129.3936130106449 155
1727964655703 130.84533098340034 156
1727964665747 132.05441400408745 157
1727964675794 133.0880590081215 158
1727964685839 134.26072099804878 159
1727964695884 135.58353999257088 160
1727964705946 136.93304499983788 161
1727964716008 138.17454400658607 162
1727964726073 139.4409700036049 163
1727964736126 140.72818800807 164
1727964746172 141.99971199035645 165
1727964756219 143.14380300045013 166
1727964766266 144.329401999712 167
1727964776701 145.60438498854637 168
1727964786765 146.7741650044918 169
1727964796875 147.96866899728775 170
1727964806926 149.39099100232124 171
1727964816975 149.82180801033974 172
1727964827023 150.0749709904194 173
1727964837070 150.50244599580765 174
1727964847135 150.737212985754 175
1727964857182 150.98986399173737 176
