1727963086979 8289.0 0
1727963097099 10323.0 1
1727963107138 10947.2 2
1727963117173 11894.8 3
1727963127215 12288.0 4
1727963137254 12386.3 5
1727963147295 12387.8 6
1727963157358 12387.5 7
1727963167494 12719.6 8
1727963177574 12719.3 9
1727963187613 12857.8 10
1727963197661 12911.5 11
1727963207702 13002.8 12
1727963217737 13058.1 13
1727963227774 13116.3 14
1727963237812 13148.6 15
1727963247851 13252.8 16
1727963257887 13202.5 17
1727963267925 13431.0 18
1727963277973 13356.1 19
1727963288012 13437.8 20
1727963298051 13583.5 21
1727963308091 13702.4 22
1727963318129 13630.3 23
1727963328167 13733.3 24
1727963338226 13696.6 25
1727963348280 13710.6 26
1727963358332 13797.7 27
1727963368372 13821.3 28
1727963378409 14120.4 29
1727963388451 14093.6 30
1727963398515 14008.2 31
1727963408561 14023.7 32
1727963418607 14065.6 33
1727963428651 14071.0 34
1727963438695 14113.4 35
1727963448732 14073.6 36
1727963458771 14131.4 37
1727963468809 14387.1 38
1727963478846 14379.1 39
1727963488884 14322.9 40
1727963498923 14331.7 41
1727963508962 14394.6 42
1727963519002 14433.9 43
1727963529071 14412.8 44
1727963539115 14444.1 45
1727963549215 14420.2 46
1727963559256 14447.9 47
1727963569297 14464.0 48
1727963579338 14467.2 49
1727963589409 14392.7 50
1727963599458 14363.1 51
1727963609496 14450.4 52
1727963619536 14407.0 53
1727963629577 14349.6 54
1727963639618 14352.1 55
1727963649684 14342.3 56
1727963659724 14407.5 57
1727963669765 14465.8 58
1727963679807 14405.8 59
1727963689849 14353.4 60
1727963699912 14346.4 61
1727963709953 14351.4 62
1727963719994 14446.1 63
1727963730035 14445.5 64
1727963740078 14356.3 65
1727963750152 14354.1 66
1727963760215 14364.3 67
1727963770257 14391.8 68
1727963780298 14467.1 69
1727963790339 14439.2 70
1727963800381 14465.4 71
1727963810421 14563.5 72
1727963820492 14520.3 73
1727963830545 14446.1 74
1727963840588 14451.2 75
1727963850629 14551.1 76
1727963860673 14456.3 77
1727963870717 14556.8 78
1727963880759 14561.7 79
1727963890803 14465.9 80
1727963900844 14578.9 81
1727963910900 14475.2 82
1727963920952 14467.5 83
1727963930994 14655.3 84
1727963941046 14655.8 85
1727963951087 14715.5 86
1727963961128 14818.3 87
1727963971172 14883.2 88
1727963981228 14825.9 89
1727963991282 14825.1 90
1727964001329 14827.5 91
1727964011374 14832.2 92
1727964021417 14879.4 93
1727964031459 14991.2 94
1727964041502 15013.9 95
1727964051545 15089.1 96
1727964061590 15069.9 97
1727964071735 15173.2 98
1727964081777 15112.2 99
1727964091818 15109.9 100
1727964102097 15146.6 101
1727964112176 15241.7 102
1727964122239 15154.8 103
1727964132298 15221.7 104
1727964142340 15383.8 105
1727964152388 15383.9 106
1727964162431 15390.9 107
1727964172471 15404.7 108
1727964182516 15418.3 109
1727964192572 15537.9 110
1727964202616 15427.7 111
1727964212669 15507.1 112
1727964222726 15429.2 113
1727964233028 15430.1 114
1727964243090 15459.5 115
1727964253134 15459.7 116
1727964263176 15619.8 117
1727964273218 15685.4 118
1727964283264 15625.3 119
1727964293309 15720.3 120
1727964303353 15794.4 121
1727964313395 15835.2 122
1727964323437 15738.3 123
1727964333482 15822.7 124
1727964343537 15744.3 125
1727964353714 15808.8 126
1727964363824 15721.9 127
1727964373870 15720.3 128
1727964383914 15796.7 129
1727964393958 15771.1 130
1727964404004 15838.7 131
1727964414058 15739.2 132
1727964424269 15717.7 133
1727964434322 15719.8 134
1727964444366 15864.3 135
1727964454409 15884.4 136
1727964464453 15952.7 137
1727964474497 16073.6 138
1727964484559 16086.4 139
1727964494631 16168.7 140
1727964504675 16190.9 141
1727964514720 16230.1 142
1727964524762 16365.8 143
1727964534804 16401.6 144
1727964544850 16550.1 145
1727964554905 16093.9 146
1727964564951 16111.7 147
1727964574996 15776.1 148
1727964585042 15729.2 149
1727964595188 15852.8 150
1727964605402 15769.7 151
1727964615451 15765.6 152
1727964625495 15792.1 153
1727964635541 15918.2 154
1727964645658 15838.3 155
1727964655703 15839.3 156
1727964665747 15846.0 157
1727964675794 15872.2 158
1727964685839 16091.6 159
1727964695884 16031.7 160
1727964705946 16152.5 161
1727964716008 16031.3 162
1727964726073 16043.0 163
1727964736126 16032.3 164
1727964746172 16080.9 165
1727964756219 16096.4 166
1727964766266 16032.0 167
1727964776701 16036.1 168
1727964786765 16043.3 169
1727964796875 16081.3 170
1727964806926 16080.1 171
1727964816975 16086.8 172
1727964827023 16087.6 173
1727964837070 16085.6 174
1727964847135 16085.7 175
1727964857182 16085.3 176
