1727963086979 1.5 0
1727963097099 1.9 1
1727963107138 2.0 2
1727963117173 2.2 3
1727963127215 2.3 4
1727963137254 2.3 5
1727963147295 2.3 6
1727963157358 2.3 7
1727963167494 2.4 8
1727963177574 2.4 9
1727963187613 2.4 10
1727963197661 2.4 11
1727963207702 2.4 12
1727963217737 2.4 13
1727963227774 2.4 14
1727963237812 2.4 15
1727963247851 2.5 16
1727963257887 2.4 17
1727963267925 2.5 18
1727963277973 2.5 19
1727963288012 2.5 20
1727963298051 2.5 21
1727963308091 2.5 22
1727963318129 2.5 23
1727963328167 2.5 24
1727963338226 2.5 25
1727963348280 2.5 26
1727963358332 2.6 27
1727963368372 2.6 28
1727963378409 2.6 29
1727963388451 2.6 30
1727963398515 2.6 31
1727963408561 2.6 32
1727963418607 2.6 33
1727963428651 2.6 34
1727963438695 2.6 35
1727963448732 2.6 36
1727963458771 2.6 37
1727963468809 2.7 38
1727963478846 2.7 39
1727963488884 2.7 40
1727963498923 2.7 41
1727963508962 2.7 42
1727963519002 2.7 43
1727963529071 2.7 44
1727963539115 2.7 45
1727963549215 2.7 46
1727963559256 2.7 47
1727963569297 2.7 48
1727963579338 2.7 49
1727963589409 2.7 50
1727963599458 2.7 51
1727963609496 2.7 52
1727963619536 2.7 53
1727963629577 2.7 54
1727963639618 2.7 55
1727963649684 2.7 56
1727963659724 2.7 57
1727963669765 2.7 58
1727963679807 2.7 59
1727963689849 2.7 60
1727963699912 2.7 61
1727963709953 2.7 62
1727963719994 2.7 63
1727963730035 2.7 64
1727963740078 2.7 65
1727963750152 2.7 66
1727963760215 2.7 67
1727963770257 2.7 68
1727963780298 2.7 69
1727963790339 2.7 70
1727963800381 2.7 71
1727963810421 2.7 72
1727963820492 2.7 73
1727963830545 2.7 74
1727963840588 2.7 75
1727963850629 2.7 76
1727963860673 2.7 77
1727963870717 2.7 78
1727963880759 2.7 79
1727963890803 2.7 80
1727963900844 2.7 81
1727963910900 2.7 82
1727963920952 2.7 83
1727963930994 2.7 84
1727963941046 2.7 85
1727963951087 2.7 86
1727963961128 2.7 87
1727963971172 2.8 88
1727963981228 2.7 89
1727963991282 2.7 90
1727964001329 2.7 91
1727964011374 2.7 92
1727964021417 2.8 93
1727964031459 2.8 94
1727964041502 2.8 95
1727964051545 2.8 96
1727964061590 2.8 97
1727964071735 2.8 98
1727964081777 2.8 99
1727964091818 2.8 100
1727964102097 2.8 101
1727964112176 2.8 102
1727964122239 2.8 103
1727964132298 2.8 104
1727964142340 2.8 105
1727964152388 2.8 106
1727964162431 2.8 107
1727964172471 2.9 108
1727964182516 2.9 109
1727964192572 2.9 110
1727964202616 2.9 111
1727964212669 2.9 112
1727964222726 2.9 113
1727964233028 2.9 114
1727964243090 2.9 115
1727964253134 2.9 116
1727964263176 2.9 117
1727964273218 2.9 118
1727964283264 2.9 119
1727964293309 2.9 120
1727964303353 2.9 121
1727964313395 2.9 122
1727964323437 2.9 123
1727964333482 2.9 124
1727964343537 2.9 125
1727964353714 2.9 126
1727964363824 2.9 127
1727964373870 2.9 128
1727964383914 2.9 129
1727964393958 2.9 130
1727964404004 2.9 131
1727964414058 2.9 132
1727964424269 2.9 133
1727964434322 2.9 134
1727964444366 2.9 135
1727964454409 2.9 136
1727964464453 3.0 137
1727964474497 3.0 138
1727964484559 3.0 139
1727964494631 3.0 140
1727964504675 3.0 141
1727964514720 3.0 142
1727964524762 3.0 143
1727964534804 3.0 144
1727964544850 3.1 145
1727964554905 3.0 146
1727964564951 3.0 147
1727964574996 2.9 148
1727964585042 2.9 149
1727964595188 2.9 150
1727964605402 2.9 151
1727964615451 2.9 152
1727964625495 2.9 153
1727964635541 2.9 154
1727964645658 2.9 155
1727964655703 2.9 156
1727964665747 2.9 157
1727964675794 2.9 158
1727964685839 3.0 159
1727964695884 3.0 160
1727964705946 3.0 161
1727964716008 3.0 162
1727964726073 3.0 163
1727964736126 3.0 164
1727964746172 3.0 165
1727964756219 3.0 166
1727964766266 3.0 167
1727964776701 3.0 168
1727964786765 3.0 169
1727964796875 3.0 170
1727964806926 3.0 171
1727964816975 3.0 172
1727964827023 3.0 173
1727964837070 3.0 174
1727964847135 3.0 175
1727964857182 3.0 176
