1727617623979 0.0 0
1727617634148 0.746003000000087 1
1727617644293 1.8222769999999855 2
1727617654464 2.331491000000028 3
1727617664621 2.503511000000003 4
1727617674757 2.7980530000000954 5
1727617684857 2.861483000000021 6
1727617695017 2.8864540000000716 7
1727617705172 2.9782220000000734 8
1727617715341 3.5523770000000923 9
1727617725499 4.337754000000018 10
1727617735636 5.095685000000003 11
1727617745739 5.302323999999999 12
1727617755829 5.543337000000065 13
1727617765936 5.763210000000072 14
1727617776076 6.309729000000061 15
