1727617623979 0.0 0
1727617634148 0.05574500000000171 1
1727617644293 0.12002899999998817 2
1727617654464 0.1314469999999801 3
1727617664621 0.16496799999998757 4
1727617674757 0.5915689999999927 5
1727617684857 1.4558020000000056 6
1727617695017 1.492387000000008 7
1727617705172 2.2610329999999976 8
1727617715341 2.417964999999981 9
1727617725499 2.4824409999999943 10
1727617735636 2.5013779999999883 11
1727617745739 3.672495999999967 12
1727617755829 3.695748999999978 13
1727617765936 3.7200559999999996 14
1727617776076 3.7381730000000175 15
