1727965232752 213481.4 0
1727965242815 213481.4 1
1727965252853 213481.4 2
1727965262895 213481.4 3
1727965272933 213481.4 4
1727965282975 213481.4 5
1727965293030 213481.4 6
1727965303075 213481.4 7
1727965313119 213481.4 8
1727965323231 213481.4 9
1727965333271 213481.4 10
1727965343311 213481.4 11
1727965353349 213481.4 12
1727965363388 213481.4 13
1727965373428 213481.4 14
1727965383469 213481.4 15
1727965393508 213481.4 16
1727965403547 213481.4 17
1727965413590 213481.4 18
1727965423631 213481.4 19
