1727965232752 0.005057990550994873 0
1727965242815 2.9878199994564056 1
1727965252853 3.6101840138435364 2
1727965262895 3.981660008430481 3
1727965272933 5.25272399187088 4
1727965282975 6.562952011823654 5
1727965293030 7.9519529938697815 6
1727965303075 8.847267001867294 7
1727965313119 10.207969009876251 8
1727965323231 12.003848016262054 9
1727965333271 13.095201998949051 10
1727965343311 14.350896000862122 11
1727965353349 15.666155010461807 12
1727965363388 16.35698801279068 13
1727965373428 17.68876901268959 14
1727965383469 18.518371999263763 15
1727965393508 19.303299009799957 16
1727965403547 20.683714002370834 17
1727965413590 21.47086998820305 18
1727965423631 22.697881996631622 19
