1727965232752 0.003457993268966675 0
1727965242815 3.436271011829376 1
1727965252853 4.042145997285843 2
1727965262895 4.3692030012607574 3
1727965272933 5.456759005784988 4
1727965282975 6.433820992708206 5
1727965293030 7.531641006469727 6
1727965303075 8.331064999103546 7
1727965313119 9.393620997667313 8
1727965323231 10.815779983997345 9
1727965333271 11.695197999477386 10
1727965343311 12.771809995174408 11
1727965353349 13.785463988780975 12
1727965363388 14.321823984384537 13
1727965373428 15.473957985639572 14
1727965383469 16.1182059943676 15
1727965393508 16.731543987989426 16
1727965403547 17.89274498820305 17
1727965413590 18.369410008192062 18
1727965423631 19.291395008563995 19
