1727990215399 0.0 0
1727990225450 1.3 1
1727990235488 2.7 2
1727990245550 2.9 3
1727990255590 1.8 4
1727990265628 2.4 5
1727990275669 3.4 6
1727990285710 2.6 7
1727990295750 3.2 8
1727990305791 2.7 9
1727990315832 3.1 10
1727990325871 3.6 11
1727990335909 2.9 12
1727990345947 3.2 13
1727990355985 3.6 14
1727990366034 2.2 15
1727990376073 3.9 16
1727990386124 2.3 17
1727990396162 3.5 18
1727990406372 2.7 19
1727990416410 2.6 20
1727990426449 4.2 21
1727990436487 2.5 22
1727990446527 3.7 23
1727990456575 2.9 24
1727990466615 2.6 25
1727990476653 4.1 26
1727990486708 1.7 27
1727990496747 4.1 28
1727990506802 2.8 29
1727990516842 3.7 30
1727990526882 2.7 31
1727990536924 3.3 32
1727990546978 4.9 33
1727990557576 4.1 34
1727990568091 5.8 35
1727990578454 10.4 36
1727990588499 12.6 37
1727990598539 13.7 38
1727990608581 14.2 39
1727990619474 17.1 40
1727990629783 9.6 41
1727990640290 12.4 42
1727990650471 13.5 43
1727990660599 9.2 44
1727990671000 10.8 45
1727990681043 12.9 46
1727990691372 13.1 47
1727990701690 14.6 48
1727990711914 10.6 49
1727990721979 12.9 50
1727990732020 5.7 51
1727990742232 11.8 52
1727990752896 8.3 53
1727990764245 5.4 54
1727990774626 9.4 55
1727990784668 8.7 56
1727990794750 8.9 57
1727990804929 12.2 58
1727990815102 7.7 59
1727990825282 5.6 60
1727990835481 14.7 61
1727990845630 13.2 62
1727990855674 17.2 63
1727990865906 11.5 64
1727990876070 13.5 65
1727990886453 19.5 66
1727990896623 10.9 67
1727990906699 14.7 68
1727990916771 15.8 69
1727990926820 4.6 70
1727990937005 15.0 71
1727990947094 17.8 72
1727990957327 11.7 73
1727990967559 19.9 74
1727990978064 13.0 75
1727990988437 9.4 76
1727990998500 19.4 77
1727991008556 14.3 78
1727991018701 18.1 79
1727991028759 15.8 80
1727991039449 17.5 81
1727991049701 21.2 82
1727991060012 12.8 83
1727991070131 13.6 84
1727991080174 15.9 85
1727991090217 19.6 86
1727991100575 7.4 87
1727991110850 11.4 88
1727991120987 12.4 89
1727991131042 14.9 90
1727991141098 18.0 91
1727991151142 17.0 92
1727991161559 7.6 93
1727991171806 13.1 94
1727991181851 4.5 95
1727991191895 13.8 96
1727991201954 16.1 97
1727991212145 15.2 98
1727991222600 19.5 99
1727991232644 15.4 100
1727991243521 18.8 101
1727991254001 14.3 102
1727991264618 14.5 103
1727991275357 19.0 104
1727991285918 18.2 105
1727991296386 14.7 106
1727991306712 17.9 107
1727991316869 13.3 108
1727991327163 11.9 109
1727991337617 17.1 110
1727991348055 18.1 111
1727991358357 15.0 112
1727991368740 19.0 113
1727991378783 12.7 114
1727991388965 19.8 115
1727991399420 18.5 116
1727991409803 14.1 117
1727991420754 16.8 118
1727991430848 7.4 119
1727991440916 13.1 120
1727991450964 22.4 121
1727991461009 5.4 122
1727991471131 18.9 123
1727991481202 10.4 124
1727991491249 15.8 125
1727991501295 19.2 126
1727991511458 5.2 127
1727991521863 18.4 128
1727991532122 16.9 129
1727991542491 16.1 130
1727991552903 18.7 131
1727991562948 15.7 132
1727991573088 19.0 133
1727991583184 10.9 134
1727991593229 9.0 135
1727991603544 11.2 136
1727991614349 6.2 137
1727991624706 19.7 138
1727991634923 14.6 139
1727991645193 3.8 140
1727991656252 9.5 141
1727991666760 17.2 142
1727991676813 18.5 143
1727991686991 7.2 144
1727991697113 20.8 145
1727991707157 7.8 146
1727991717212 7.9 147
1727991727468 14.1 148
1727991738125 14.4 149
1727991748364 15.2 150
1727991758689 12.8 151
1727991769043 13.7 152
1727991779087 13.2 153
1727991789132 4.5 154
1727991799177 18.3 155
1727991809222 9.1 156
1727991819355 11.6 157
1727991829591 17.3 158
1727991839659 5.5 159
1727991849831 20.0 160
1727991860227 10.7 161
1727991870297 18.4 162
1727991880344 12.0 163
1727991890439 16.6 164
1727991900674 8.0 165
1727991911065 9.1 166
1727991921113 7.6 167
1727991931158 20.0 168
1727991941205 9.7 169
1727991951382 9.1 170
1727991961866 8.1 171
1727991972608 19.1 172
1727991982996 9.4 173
1727991993042 14.9 174
1727992003085 12.2 175
1727992013129 19.2 176
1727992023253 9.3 177
1727992034450 4.6 178
1727992044753 18.4 179
1727992054796 7.9 180
1727992064843 7.5 181
1727992075014 10.2 182
1727992085084 15.3 183
1727992095129 6.2 184
1727992105176 11.6 185
1727992115283 8.1 186
1727992125396 3.7 187
1727992135443 13.9 188
1727992145490 13.4 189
1727992155535 2.7 190
1727992165924 7.5 191
1727992176006 11.1 192
1727992186054 12.2 193
1727992196225 16.1 194
1727992206533 12.2 195
1727992216676 14.7 196
1727992227216 7.8 197
1727992237414 18.5 198
1727992247665 19.1 199
1727992258364 13.8 200
1727992268882 8.0 201
1727992279271 14.4 202
1727992289358 15.0 203
1727992299493 11.7 204
1727992309570 18.0 205
1727992319727 14.0 206
1727992330390 16.3 207
1727992340931 11.5 208
1727992351907 8.7 209
1727992362229 15.4 210
1727992372676 17.9 211
1727992382878 12.6 212
1727992392993 14.2 213
1727992403201 15.6 214
1727992414011 9.5 215
1727992424120 13.5 216
1727992434203 16.9 217
1727992444249 7.4 218
1727992454380 16.2 219
1727992464462 9.1 220
1727992474508 15.7 221
1727992484553 19.2 222
1727992494698 6.8 223
1727992505410 7.4 224
1727992515802 17.8 225
1727992525849 15.1 226
1727992535895 19.0 227
1727992546068 16.3 228
1727992556533 14.5 229
1727992567559 9.8 230
1727992577749 18.1 231
1727992587906 22.7 232
1727992598056 13.7 233
1727992608297 11.4 234
1727992618862 9.3 235
1727992629079 16.5 236
1727992639240 13.7 237
1727992649565 16.1 238
1727992660186 11.4 239
1727992670355 15.3 240
1727992680602 9.9 241
1727992690648 17.6 242
1727992700695 6.0 243
1727992710741 16.5 244
1727992721509 17.3 245
1727992731694 17.7 246
1727992741810 12.1 247
1727992751869 12.3 248
1727992761930 16.5 249
1727992772193 16.7 250
1727992783132 11.3 251
1727992793326 15.6 252
1727992803461 16.7 253
1727992813941 13.5 254
1727992824359 14.3 255
1727992834408 17.5 256
1727992844466 11.3 257
1727992854518 5.3 258
1727992864963 21.2 259
1727992875124 17.6 260
1727992885171 10.6 261
1727992895221 18.3 262
1727992905991 19.2 263
1727992916536 14.5 264
1727992927222 14.1 265
1727992937305 17.2 266
1727992947452 11.8 267
1727992957854 11.7 268
1727992968544 17.2 269
1727992979026 14.7 270
1727992989453 16.2 271
1727992999599 16.2 272
1727993009682 12.8 273
1727993019733 11.2 274
1727993030431 19.9 275
1727993040586 19.5 276
1727993051079 11.1 277
1727993061449 17.9 278
1727993071500 7.2 279
1727993081717 9.4 280
1727993092352 19.2 281
1727993102551 4.8 282
1727993112610 8.7 283
1727993122691 13.9 284
1727993132761 14.8 285
1727993142916 15.8 286
1727993153055 12.1 287
1727993163107 13.2 288
1727993173289 17.7 289
1727993183784 9.1 290
1727993194915 10.7 291
1727993204985 6.7 292
1727993215828 14.2 293
1727993226279 14.7 294
1727993236655 13.0 295
1727993246888 14.1 296
1727993257029 16.8 297
1727993267079 7.4 298
1727993277131 17.2 299
1727993287184 8.8 300
1727993297236 17.0 301
1727993307402 16.7 302
1727993317725 14.8 303
1727993327874 13.4 304
1727993337971 5.2 305
1727993348021 15.5 306
1727993358074 16.6 307
1727993368124 18.4 308
1727993378172 7.0 309
1727993388223 16.8 310
1727993398365 7.1 311
1727993408750 12.9 312
1727993418818 13.8 313
1727993428869 12.7 314
1727993439003 19.2 315
1727993449135 11.3 316
1727993460273 13.6 317
1727993470752 17.7 318
1727993481129 16.6 319
1727993491183 5.9 320
1727993501315 14.6 321
1727993511747 16.3 322
1727993522403 13.4 323
1727993532810 17.7 324
1727993542870 16.6 325
1727993553042 12.3 326
1727993563440 13.0 327
1727993573518 13.7 328
1727993583585 17.0 329
1727993593639 11.4 330
1727993603693 9.2 331
1727993613830 15.4 332
1727993624215 12.1 333
1727993634294 12.3 334
1727993644367 16.4 335
1727993654605 13.5 336
1727993664991 7.4 337
1727993675130 12.9 338
1727993685525 7.3 339
1727993695886 11.6 340
1727993706176 10.8 341
1727993716642 11.0 342
1727993726701 17.8 343
1727993736757 13.4 344
1727993746834 12.0 345
1727993756887 17.4 346
1727993766941 16.2 347
1727993776996 9.4 348
1727993787049 9.4 349
1727993797302 15.6 350
1727993807459 11.8 351
1727993817521 4.0 352
1727993827639 13.8 353
1727993837804 10.3 354
1727993848194 15.9 355
1727993858251 3.5 356
1727993868304 0.0 357
1727993878357 0.0 358
1727993888417 0.0 359
1727993898467 0.0 360
