1727990215399 22515.2 0
1727990225450 22515.2 1
1727990235488 22515.2 2
1727990245550 22515.2 3
1727990255590 22515.2 4
1727990265628 22515.2 5
1727990275669 22515.2 6
1727990285710 22515.2 7
1727990295750 22515.2 8
1727990305791 22515.2 9
1727990315832 22515.2 10
1727990325871 22515.2 11
1727990335909 22515.2 12
1727990345947 22515.2 13
1727990355985 22515.2 14
1727990366034 22515.2 15
1727990376073 22515.2 16
1727990386124 22515.2 17
1727990396162 22515.2 18
1727990406372 22515.2 19
1727990416410 22515.2 20
1727990426449 22515.2 21
1727990436487 22515.2 22
1727990446527 22515.2 23
1727990456575 22515.2 24
1727990466615 22515.2 25
1727990476653 22515.2 26
1727990486708 22515.2 27
1727990496747 22515.2 28
1727990506802 22515.2 29
1727990516842 22515.2 30
1727990526882 22515.2 31
1727990536924 22515.2 32
1727990546978 22515.2 33
1727990557576 22515.2 34
1727990568091 22515.2 35
1727990578454 22515.2 36
1727990588499 22515.2 37
1727990598539 22515.2 38
1727990608581 22515.2 39
1727990619474 22515.2 40
1727990629783 22515.2 41
1727990640290 22515.2 42
1727990650471 22515.2 43
1727990660599 22515.2 44
1727990671000 22515.2 45
1727990681043 22515.2 46
1727990691372 22515.2 47
1727990701690 22515.2 48
1727990711914 22515.2 49
1727990721979 22515.2 50
1727990732020 22515.2 51
1727990742232 22515.2 52
1727990752896 22515.2 53
1727990764245 22515.2 54
1727990774626 22515.2 55
1727990784668 22515.2 56
1727990794750 22515.2 57
1727990804929 22515.2 58
1727990815102 22515.2 59
1727990825282 22515.2 60
1727990835481 22515.2 61
1727990845630 22515.2 62
1727990855674 22515.2 63
1727990865906 22515.2 64
1727990876070 22515.2 65
1727990886453 22515.2 66
1727990896623 22515.2 67
1727990906699 22515.2 68
1727990916771 22515.2 69
1727990926820 22515.2 70
1727990937005 22515.2 71
1727990947094 22515.2 72
1727990957327 22515.2 73
1727990967559 22515.2 74
1727990978064 22515.2 75
1727990988437 22515.2 76
1727990998500 22515.2 77
1727991008556 22515.2 78
1727991018701 22515.2 79
1727991028759 22515.2 80
1727991039449 22515.2 81
1727991049701 22515.2 82
1727991060012 22515.2 83
1727991070131 22515.2 84
1727991080174 22515.2 85
1727991090217 22515.2 86
1727991100575 22515.2 87
1727991110850 22515.2 88
1727991120987 22515.2 89
1727991131042 22515.2 90
1727991141098 22515.2 91
1727991151142 22515.2 92
1727991161559 22515.2 93
1727991171806 22515.2 94
1727991181851 22515.2 95
1727991191895 22515.2 96
1727991201954 22515.2 97
1727991212145 22515.2 98
1727991222600 22515.2 99
1727991232644 22515.2 100
1727991243521 22515.2 101
1727991254001 22515.2 102
1727991264618 22515.2 103
1727991275357 22515.2 104
1727991285918 22515.2 105
1727991296386 22515.2 106
1727991306712 22515.2 107
1727991316869 22515.2 108
1727991327163 22515.2 109
1727991337617 22515.2 110
1727991348055 22515.2 111
1727991358357 22515.2 112
1727991368740 22515.2 113
1727991378783 22515.2 114
1727991388965 22515.2 115
1727991399420 22515.2 116
1727991409803 22515.2 117
1727991420754 22515.2 118
1727991430848 22515.2 119
1727991440916 22515.2 120
1727991450964 22515.2 121
1727991461009 22515.2 122
1727991471131 22515.2 123
1727991481202 22515.2 124
1727991491249 22515.2 125
1727991501295 22515.2 126
1727991511458 22515.2 127
1727991521863 22515.2 128
1727991532122 22515.2 129
1727991542491 22515.2 130
1727991552903 22515.2 131
1727991562948 22515.2 132
1727991573088 22515.2 133
1727991583184 22515.2 134
1727991593229 22515.2 135
1727991603544 22515.2 136
1727991614349 22515.2 137
1727991624706 22515.2 138
1727991634923 22515.2 139
1727991645193 22515.2 140
1727991656252 22515.2 141
1727991666760 22515.2 142
1727991676813 22515.2 143
1727991686991 22515.2 144
1727991697113 22515.2 145
1727991707157 22515.2 146
1727991717212 22515.2 147
1727991727468 22515.2 148
1727991738125 22515.2 149
1727991748364 22515.2 150
1727991758689 22515.2 151
1727991769043 22515.2 152
1727991779087 22515.2 153
1727991789132 22515.2 154
1727991799177 22515.2 155
1727991809222 22515.2 156
1727991819355 22515.2 157
1727991829591 22515.2 158
1727991839659 22515.2 159
1727991849831 22515.2 160
1727991860227 22515.2 161
1727991870297 22515.2 162
1727991880344 22515.2 163
1727991890439 22515.2 164
1727991900674 22515.2 165
1727991911065 22515.2 166
1727991921113 22515.2 167
1727991931158 22515.2 168
1727991941205 22515.2 169
1727991951382 22515.2 170
1727991961866 22515.2 171
1727991972608 22515.2 172
1727991982996 22515.2 173
1727991993042 22515.2 174
1727992003085 22515.2 175
1727992013129 22515.2 176
1727992023253 22515.2 177
1727992034450 22515.2 178
1727992044753 22515.2 179
1727992054796 22515.2 180
1727992064843 22515.2 181
1727992075014 22515.2 182
1727992085084 22515.2 183
1727992095129 22515.2 184
1727992105176 22515.2 185
1727992115283 22515.2 186
1727992125396 22515.2 187
1727992135443 22515.2 188
1727992145490 22515.2 189
1727992155535 22515.2 190
1727992165924 22515.2 191
1727992176006 22515.2 192
1727992186054 22515.2 193
1727992196225 22515.2 194
1727992206533 22515.2 195
1727992216676 22515.2 196
1727992227216 22515.2 197
1727992237414 22515.2 198
1727992247665 22515.2 199
1727992258364 22515.2 200
1727992268882 22515.2 201
1727992279271 22515.2 202
1727992289358 22515.2 203
1727992299493 22515.2 204
1727992309570 22515.2 205
1727992319727 22515.2 206
1727992330390 22515.2 207
1727992340931 22515.2 208
1727992351907 22515.2 209
1727992362229 22515.2 210
1727992372676 22515.2 211
1727992382878 22515.2 212
1727992392993 22515.2 213
1727992403201 22515.2 214
1727992414011 22515.2 215
1727992424120 22515.2 216
1727992434203 22515.2 217
1727992444249 22515.2 218
1727992454380 22515.2 219
1727992464462 22515.2 220
1727992474508 22515.2 221
1727992484553 22515.2 222
1727992494698 22515.2 223
1727992505410 22515.2 224
1727992515802 22515.2 225
1727992525849 22515.2 226
1727992535895 22515.2 227
1727992546068 22515.2 228
1727992556533 22515.2 229
1727992567559 22515.2 230
1727992577749 22515.2 231
1727992587906 22515.2 232
1727992598056 22515.2 233
1727992608297 22515.2 234
1727992618862 22515.2 235
1727992629079 22515.2 236
1727992639240 22515.2 237
1727992649565 22515.2 238
1727992660186 22515.2 239
1727992670355 22515.2 240
1727992680602 22515.2 241
1727992690648 22515.2 242
1727992700695 22515.2 243
1727992710741 22515.2 244
1727992721509 22515.2 245
1727992731694 22515.2 246
1727992741810 22515.2 247
1727992751869 22515.2 248
1727992761930 22515.2 249
1727992772193 22515.2 250
1727992783132 22515.2 251
1727992793326 22515.2 252
1727992803461 22515.2 253
1727992813941 22515.2 254
1727992824359 22515.2 255
1727992834408 22515.2 256
1727992844466 22515.2 257
1727992854518 22515.2 258
1727992864963 22515.2 259
1727992875124 22515.2 260
1727992885171 22515.2 261
1727992895221 22515.2 262
1727992905991 22515.2 263
1727992916536 22515.2 264
1727992927222 22515.2 265
1727992937305 22515.2 266
1727992947452 22515.2 267
1727992957854 22515.2 268
1727992968544 22515.2 269
1727992979026 22515.2 270
1727992989453 22515.2 271
1727992999599 22515.2 272
1727993009682 22515.2 273
1727993019733 22515.2 274
1727993030431 22515.2 275
1727993040586 22515.2 276
1727993051079 22515.2 277
1727993061449 22515.2 278
1727993071500 22515.2 279
1727993081717 22515.2 280
1727993092352 22515.2 281
1727993102551 22515.2 282
1727993112610 22515.2 283
1727993122691 22515.2 284
1727993132761 22515.2 285
1727993142916 22515.2 286
1727993153055 22515.2 287
1727993163107 22515.2 288
1727993173289 22515.2 289
1727993183784 22515.2 290
1727993194915 22515.2 291
1727993204985 22515.2 292
1727993215828 22515.2 293
1727993226279 22515.2 294
1727993236655 22515.2 295
1727993246888 22515.2 296
1727993257029 22515.2 297
1727993267079 22515.2 298
1727993277131 22515.2 299
1727993287184 22515.2 300
1727993297236 22515.2 301
1727993307402 22515.2 302
1727993317725 22515.2 303
1727993327874 22515.2 304
1727993337971 22515.2 305
1727993348021 22515.2 306
1727993358074 22515.2 307
1727993368124 22515.2 308
1727993378172 22515.2 309
1727993388223 22515.2 310
1727993398365 22515.2 311
1727993408750 22515.2 312
1727993418818 22515.2 313
1727993428869 22515.2 314
1727993439003 22515.2 315
1727993449135 22515.2 316
1727993460273 22515.2 317
1727993470752 22515.2 318
1727993481129 22515.2 319
1727993491183 22515.2 320
1727993501315 22515.2 321
1727993511747 22515.2 322
1727993522403 22515.2 323
1727993532810 22515.2 324
1727993542870 22515.2 325
1727993553042 22515.2 326
1727993563440 22515.2 327
1727993573518 22515.2 328
1727993583585 22515.2 329
1727993593639 22515.2 330
1727993603693 22515.2 331
1727993613830 22515.2 332
1727993624215 22515.2 333
1727993634294 22515.2 334
1727993644367 22515.2 335
1727993654605 22515.2 336
1727993664991 22515.2 337
1727993675130 22515.2 338
1727993685525 22515.2 339
1727993695886 22515.2 340
1727993706176 22515.2 341
1727993716642 22515.2 342
1727993726701 22515.2 343
1727993736757 22515.2 344
1727993746834 22515.2 345
1727993756887 22515.2 346
1727993766941 22515.2 347
1727993776996 22515.2 348
1727993787049 22515.2 349
1727993797302 22515.2 350
1727993807459 22515.2 351
1727993817521 22515.2 352
1727993827639 22515.2 353
1727993837804 22515.2 354
1727993848194 22515.2 355
1727993858251 22515.2 356
1727993868304 22515.2 357
1727993878357 22515.2 358
1727993888417 22515.2 359
1727993898467 22515.2 360
