1727990215399 192195.2 0
1727990225450 192195.2 1
1727990235488 192195.2 2
1727990245550 192195.2 3
1727990255590 192195.2 4
1727990265628 192195.2 5
1727990275669 192195.2 6
1727990285710 192195.2 7
1727990295750 192195.2 8
1727990305791 192195.2 9
1727990315832 192195.2 10
1727990325871 192195.2 11
1727990335909 192195.2 12
1727990345947 192195.2 13
1727990355985 192195.2 14
1727990366034 192195.2 15
1727990376073 192195.2 16
1727990386124 192195.2 17
1727990396162 192195.2 18
1727990406372 192195.2 19
1727990416410 192195.2 20
1727990426449 192195.2 21
1727990436487 192195.2 22
1727990446527 192195.2 23
1727990456575 192195.2 24
1727990466615 192195.2 25
1727990476653 192195.2 26
1727990486708 192195.2 27
1727990496747 192195.2 28
1727990506802 192195.2 29
1727990516842 192195.2 30
1727990526882 192195.2 31
1727990536924 192195.2 32
1727990546978 192195.2 33
1727990557576 192195.2 34
1727990568091 192195.2 35
1727990578454 192195.2 36
1727990588499 192195.2 37
1727990598539 192195.2 38
1727990608581 192195.2 39
1727990619474 192195.2 40
1727990629783 192195.2 41
1727990640290 192195.2 42
1727990650471 192195.2 43
1727990660599 192195.2 44
1727990671000 192195.2 45
1727990681043 192195.2 46
1727990691372 192195.2 47
1727990701690 192195.2 48
1727990711914 192195.2 49
1727990721979 192195.2 50
1727990732020 192195.2 51
1727990742232 192195.2 52
1727990752896 192195.2 53
1727990764245 192195.2 54
1727990774626 192195.2 55
1727990784668 192195.2 56
1727990794750 192195.2 57
1727990804929 192195.2 58
1727990815102 192195.2 59
1727990825282 192195.2 60
1727990835481 192195.2 61
1727990845630 192195.2 62
1727990855674 192195.2 63
1727990865906 192195.2 64
1727990876070 192195.2 65
1727990886453 192195.2 66
1727990896623 192195.2 67
1727990906699 192195.2 68
1727990916771 192195.2 69
1727990926820 192195.2 70
1727990937005 192195.2 71
1727990947094 192195.2 72
1727990957327 192195.2 73
1727990967559 192195.2 74
1727990978064 192195.2 75
1727990988437 192195.2 76
1727990998500 192195.2 77
1727991008556 192195.2 78
1727991018701 192195.2 79
1727991028759 192195.2 80
1727991039449 192195.2 81
1727991049701 192195.2 82
1727991060012 192195.2 83
1727991070131 192195.2 84
1727991080174 192195.2 85
1727991090217 192195.2 86
1727991100575 192195.2 87
1727991110850 192195.2 88
1727991120987 192195.2 89
1727991131042 192195.2 90
1727991141098 192195.2 91
1727991151142 192195.2 92
1727991161559 192195.2 93
1727991171806 192195.2 94
1727991181851 192195.2 95
1727991191895 192195.2 96
1727991201954 192195.2 97
1727991212145 192195.2 98
1727991222600 192195.2 99
1727991232644 192195.2 100
1727991243521 192195.2 101
1727991254001 192195.2 102
1727991264618 192195.2 103
1727991275357 192195.2 104
1727991285918 192195.2 105
1727991296386 192195.2 106
1727991306712 192195.2 107
1727991316869 192195.2 108
1727991327163 192195.2 109
1727991337617 192195.2 110
1727991348055 192195.2 111
1727991358357 192195.2 112
1727991368740 192195.2 113
1727991378783 192195.2 114
1727991388965 192195.2 115
1727991399420 192195.2 116
1727991409803 192195.2 117
1727991420754 192195.2 118
1727991430848 192195.2 119
1727991440916 192195.2 120
1727991450964 192195.2 121
1727991461009 192195.2 122
1727991471131 192195.2 123
1727991481202 192195.2 124
1727991491249 192195.2 125
1727991501295 192195.2 126
1727991511458 192195.2 127
1727991521863 192195.2 128
1727991532122 192195.2 129
1727991542491 192195.2 130
1727991552903 192195.2 131
1727991562948 192195.2 132
1727991573088 192195.2 133
1727991583184 192195.2 134
1727991593229 192195.2 135
1727991603544 192195.2 136
1727991614349 192195.2 137
1727991624706 192195.2 138
1727991634923 192195.2 139
1727991645193 192195.2 140
1727991656252 192195.2 141
1727991666760 192195.2 142
1727991676813 192195.2 143
1727991686991 192195.2 144
1727991697113 192195.2 145
1727991707157 192195.2 146
1727991717212 192195.2 147
1727991727468 192195.2 148
1727991738125 192195.2 149
1727991748364 192195.2 150
1727991758689 192195.2 151
1727991769043 192195.2 152
1727991779087 192195.2 153
1727991789132 192195.2 154
1727991799177 192195.2 155
1727991809222 192195.2 156
1727991819355 192195.2 157
1727991829591 192195.2 158
1727991839659 192195.2 159
1727991849831 192195.2 160
1727991860227 192195.2 161
1727991870297 192195.2 162
1727991880344 192195.2 163
1727991890439 192195.2 164
1727991900674 192195.2 165
1727991911065 192195.2 166
1727991921113 192195.2 167
1727991931158 192195.2 168
1727991941205 192195.2 169
1727991951382 192195.2 170
1727991961866 192195.2 171
1727991972608 192195.2 172
1727991982996 192195.2 173
1727991993042 192195.2 174
1727992003085 192195.2 175
1727992013129 192195.2 176
1727992023253 192195.2 177
1727992034450 192195.2 178
1727992044753 192195.2 179
1727992054796 192195.2 180
1727992064843 192195.2 181
1727992075014 192195.2 182
1727992085084 192195.2 183
1727992095129 192195.2 184
1727992105176 192195.2 185
1727992115283 192195.2 186
1727992125396 192195.2 187
1727992135443 192195.2 188
1727992145490 192195.2 189
1727992155535 192195.2 190
1727992165924 192195.2 191
1727992176006 192195.2 192
1727992186054 192195.2 193
1727992196225 192195.2 194
1727992206533 192195.2 195
1727992216676 192195.2 196
1727992227216 192195.2 197
1727992237414 192195.2 198
1727992247665 192195.2 199
1727992258364 192195.2 200
1727992268882 192195.2 201
1727992279271 192195.2 202
1727992289358 192195.2 203
1727992299493 192195.2 204
1727992309570 192195.2 205
1727992319727 192195.2 206
1727992330390 192195.2 207
1727992340931 192195.2 208
1727992351907 192195.2 209
1727992362229 192195.2 210
1727992372676 192195.2 211
1727992382878 192195.2 212
1727992392993 192195.2 213
1727992403201 192195.2 214
1727992414011 192195.2 215
1727992424120 192195.2 216
1727992434203 192195.2 217
1727992444249 192195.2 218
1727992454380 192195.2 219
1727992464462 192195.2 220
1727992474508 192195.2 221
1727992484553 192195.2 222
1727992494698 192195.2 223
1727992505410 192195.2 224
1727992515802 192195.2 225
1727992525849 192195.2 226
1727992535895 192195.2 227
1727992546068 192195.2 228
1727992556533 192195.2 229
1727992567559 192195.2 230
1727992577749 192195.2 231
1727992587906 192195.2 232
1727992598056 192195.2 233
1727992608297 192195.2 234
1727992618862 192195.2 235
1727992629079 192195.2 236
1727992639240 192195.2 237
1727992649565 192195.2 238
1727992660186 192195.2 239
1727992670355 192195.2 240
1727992680602 192195.2 241
1727992690648 192195.2 242
1727992700695 192195.2 243
1727992710741 192195.2 244
1727992721509 192195.2 245
1727992731694 192195.2 246
1727992741810 192195.2 247
1727992751869 192195.2 248
1727992761930 192195.2 249
1727992772193 192195.2 250
1727992783132 192195.2 251
1727992793326 192195.2 252
1727992803461 192195.2 253
1727992813941 192195.2 254
1727992824359 192195.2 255
1727992834408 192195.2 256
1727992844466 192195.2 257
1727992854518 192195.2 258
1727992864963 192195.2 259
1727992875124 192195.2 260
1727992885171 192195.2 261
1727992895221 192195.2 262
1727992905991 192195.2 263
1727992916536 192195.2 264
1727992927222 192195.2 265
1727992937305 192195.2 266
1727992947452 192195.2 267
1727992957854 192195.2 268
1727992968544 192195.2 269
1727992979026 192195.2 270
1727992989453 192195.2 271
1727992999599 192195.2 272
1727993009682 192195.2 273
1727993019733 192195.2 274
1727993030431 192195.2 275
1727993040586 192195.2 276
1727993051079 192195.2 277
1727993061449 192195.2 278
1727993071500 192195.2 279
1727993081717 192195.2 280
1727993092352 192195.2 281
1727993102551 192195.2 282
1727993112610 192195.2 283
1727993122691 192195.2 284
1727993132761 192195.2 285
1727993142916 192195.2 286
1727993153055 192195.2 287
1727993163107 192195.2 288
1727993173289 192195.2 289
1727993183784 192195.2 290
1727993194915 192195.2 291
1727993204985 192195.2 292
1727993215828 192195.2 293
1727993226279 192195.2 294
1727993236655 192195.2 295
1727993246888 192195.2 296
1727993257029 192195.2 297
1727993267079 192195.2 298
1727993277131 192195.2 299
1727993287184 192195.2 300
1727993297236 192195.2 301
1727993307402 192195.2 302
1727993317725 192195.2 303
1727993327874 192195.2 304
1727993337971 192195.2 305
1727993348021 192195.2 306
1727993358074 192195.2 307
1727993368124 192195.2 308
1727993378172 192195.2 309
1727993388223 192195.2 310
1727993398365 192195.2 311
1727993408750 192195.2 312
1727993418818 192195.2 313
1727993428869 192195.2 314
1727993439003 192195.2 315
1727993449135 192195.2 316
1727993460273 192195.2 317
1727993470752 192195.2 318
1727993481129 192195.2 319
1727993491183 192195.2 320
1727993501315 192195.2 321
1727993511747 192195.2 322
1727993522403 192195.2 323
1727993532810 192195.2 324
1727993542870 192195.2 325
1727993553042 192195.2 326
1727993563440 192195.2 327
1727993573518 192195.2 328
1727993583585 192195.2 329
1727993593639 192195.2 330
1727993603693 192195.2 331
1727993613830 192195.2 332
1727993624215 192195.2 333
1727993634294 192195.2 334
1727993644367 192195.2 335
1727993654605 192195.2 336
1727993664991 192195.2 337
1727993675130 192195.2 338
1727993685525 192195.2 339
1727993695886 192195.2 340
1727993706176 192195.2 341
1727993716642 192195.2 342
1727993726701 192195.2 343
1727993736757 192195.2 344
1727993746834 192195.2 345
1727993756887 192195.2 346
1727993766941 192195.2 347
1727993776996 192195.2 348
1727993787049 192195.2 349
1727993797302 192195.2 350
1727993807459 192195.2 351
1727993817521 192195.2 352
1727993827639 192195.2 353
1727993837804 192195.2 354
1727993848194 192195.2 355
1727993858251 192195.2 356
1727993868304 192195.2 357
1727993878357 192195.2 358
1727993888417 192195.2 359
1727993898467 192195.2 360
