1727990215399 10.5 0
1727990225450 10.5 1
1727990235488 10.5 2
1727990245550 10.5 3
1727990255590 10.5 4
1727990265628 10.5 5
1727990275669 10.5 6
1727990285710 10.5 7
1727990295750 10.5 8
1727990305791 10.5 9
1727990315832 10.5 10
1727990325871 10.5 11
1727990335909 10.5 12
1727990345947 10.5 13
1727990355985 10.5 14
1727990366034 10.5 15
1727990376073 10.5 16
1727990386124 10.5 17
1727990396162 10.5 18
1727990406372 10.5 19
1727990416410 10.5 20
1727990426449 10.5 21
1727990436487 10.5 22
1727990446527 10.5 23
1727990456575 10.5 24
1727990466615 10.5 25
1727990476653 10.5 26
1727990486708 10.5 27
1727990496747 10.5 28
1727990506802 10.5 29
1727990516842 10.5 30
1727990526882 10.5 31
1727990536924 10.5 32
1727990546978 10.5 33
1727990557576 10.5 34
1727990568091 10.5 35
1727990578454 10.5 36
1727990588499 10.5 37
1727990598539 10.5 38
1727990608581 10.5 39
1727990619474 10.5 40
1727990629783 10.5 41
1727990640290 10.5 42
1727990650471 10.5 43
1727990660599 10.5 44
1727990671000 10.5 45
1727990681043 10.5 46
1727990691372 10.5 47
1727990701690 10.5 48
1727990711914 10.5 49
1727990721979 10.5 50
1727990732020 10.5 51
1727990742232 10.5 52
1727990752896 10.5 53
1727990764245 10.5 54
1727990774626 10.5 55
1727990784668 10.5 56
1727990794750 10.5 57
1727990804929 10.5 58
1727990815102 10.5 59
1727990825282 10.5 60
1727990835481 10.5 61
1727990845630 10.5 62
1727990855674 10.5 63
1727990865906 10.5 64
1727990876070 10.5 65
1727990886453 10.5 66
1727990896623 10.5 67
1727990906699 10.5 68
1727990916771 10.5 69
1727990926820 10.5 70
1727990937005 10.5 71
1727990947094 10.5 72
1727990957327 10.5 73
1727990967559 10.5 74
1727990978064 10.5 75
1727990988437 10.5 76
1727990998500 10.5 77
1727991008556 10.5 78
1727991018701 10.5 79
1727991028759 10.5 80
1727991039449 10.5 81
1727991049701 10.5 82
1727991060012 10.5 83
1727991070131 10.5 84
1727991080174 10.5 85
1727991090217 10.5 86
1727991100575 10.5 87
1727991110850 10.5 88
1727991120987 10.5 89
1727991131042 10.5 90
1727991141098 10.5 91
1727991151142 10.5 92
1727991161559 10.5 93
1727991171806 10.5 94
1727991181851 10.5 95
1727991191895 10.5 96
1727991201954 10.5 97
1727991212145 10.5 98
1727991222600 10.5 99
1727991232644 10.5 100
1727991243521 10.5 101
1727991254001 10.5 102
1727991264618 10.5 103
1727991275357 10.5 104
1727991285918 10.5 105
1727991296386 10.5 106
1727991306712 10.5 107
1727991316869 10.5 108
1727991327163 10.5 109
1727991337617 10.5 110
1727991348055 10.5 111
1727991358357 10.5 112
1727991368740 10.5 113
1727991378783 10.5 114
1727991388965 10.5 115
1727991399420 10.5 116
1727991409803 10.5 117
1727991420754 10.5 118
1727991430848 10.5 119
1727991440916 10.5 120
1727991450964 10.5 121
1727991461009 10.5 122
1727991471131 10.5 123
1727991481202 10.5 124
1727991491249 10.5 125
1727991501295 10.5 126
1727991511458 10.5 127
1727991521863 10.5 128
1727991532122 10.5 129
1727991542491 10.5 130
1727991552903 10.5 131
1727991562948 10.5 132
1727991573088 10.5 133
1727991583184 10.5 134
1727991593229 10.5 135
1727991603544 10.5 136
1727991614349 10.5 137
1727991624706 10.5 138
1727991634923 10.5 139
1727991645193 10.5 140
1727991656252 10.5 141
1727991666760 10.5 142
1727991676813 10.5 143
1727991686991 10.5 144
1727991697113 10.5 145
1727991707157 10.5 146
1727991717212 10.5 147
1727991727468 10.5 148
1727991738125 10.5 149
1727991748364 10.5 150
1727991758689 10.5 151
1727991769043 10.5 152
1727991779087 10.5 153
1727991789132 10.5 154
1727991799177 10.5 155
1727991809222 10.5 156
1727991819355 10.5 157
1727991829591 10.5 158
1727991839659 10.5 159
1727991849831 10.5 160
1727991860227 10.5 161
1727991870297 10.5 162
1727991880344 10.5 163
1727991890439 10.5 164
1727991900674 10.5 165
1727991911065 10.5 166
1727991921113 10.5 167
1727991931158 10.5 168
1727991941205 10.5 169
1727991951382 10.5 170
1727991961866 10.5 171
1727991972608 10.5 172
1727991982996 10.5 173
1727991993042 10.5 174
1727992003085 10.5 175
1727992013129 10.5 176
1727992023253 10.5 177
1727992034450 10.5 178
1727992044753 10.5 179
1727992054796 10.5 180
1727992064843 10.5 181
1727992075014 10.5 182
1727992085084 10.5 183
1727992095129 10.5 184
1727992105176 10.5 185
1727992115283 10.5 186
1727992125396 10.5 187
1727992135443 10.5 188
1727992145490 10.5 189
1727992155535 10.5 190
1727992165924 10.5 191
1727992176006 10.5 192
1727992186054 10.5 193
1727992196225 10.5 194
1727992206533 10.5 195
1727992216676 10.5 196
1727992227216 10.5 197
1727992237414 10.5 198
1727992247665 10.5 199
1727992258364 10.5 200
1727992268882 10.5 201
1727992279271 10.5 202
1727992289358 10.5 203
1727992299493 10.5 204
1727992309570 10.5 205
1727992319727 10.5 206
1727992330390 10.5 207
1727992340931 10.5 208
1727992351907 10.5 209
1727992362229 10.5 210
1727992372676 10.5 211
1727992382878 10.5 212
1727992392993 10.5 213
1727992403201 10.5 214
1727992414011 10.5 215
1727992424120 10.5 216
1727992434203 10.5 217
1727992444249 10.5 218
1727992454380 10.5 219
1727992464462 10.5 220
1727992474508 10.5 221
1727992484553 10.5 222
1727992494698 10.5 223
1727992505410 10.5 224
1727992515802 10.5 225
1727992525849 10.5 226
1727992535895 10.5 227
1727992546068 10.5 228
1727992556533 10.5 229
1727992567559 10.5 230
1727992577749 10.5 231
1727992587906 10.5 232
1727992598056 10.5 233
1727992608297 10.5 234
1727992618862 10.5 235
1727992629079 10.5 236
1727992639240 10.5 237
1727992649565 10.5 238
1727992660186 10.5 239
1727992670355 10.5 240
1727992680602 10.5 241
1727992690648 10.5 242
1727992700695 10.5 243
1727992710741 10.5 244
1727992721509 10.5 245
1727992731694 10.5 246
1727992741810 10.5 247
1727992751869 10.5 248
1727992761930 10.5 249
1727992772193 10.5 250
1727992783132 10.5 251
1727992793326 10.5 252
1727992803461 10.5 253
1727992813941 10.5 254
1727992824359 10.5 255
1727992834408 10.5 256
1727992844466 10.5 257
1727992854518 10.5 258
1727992864963 10.5 259
1727992875124 10.5 260
1727992885171 10.5 261
1727992895221 10.5 262
1727992905991 10.5 263
1727992916536 10.5 264
1727992927222 10.5 265
1727992937305 10.5 266
1727992947452 10.5 267
1727992957854 10.5 268
1727992968544 10.5 269
1727992979026 10.5 270
1727992989453 10.5 271
1727992999599 10.5 272
1727993009682 10.5 273
1727993019733 10.5 274
1727993030431 10.5 275
1727993040586 10.5 276
1727993051079 10.5 277
1727993061449 10.5 278
1727993071500 10.5 279
1727993081717 10.5 280
1727993092352 10.5 281
1727993102551 10.5 282
1727993112610 10.5 283
1727993122691 10.5 284
1727993132761 10.5 285
1727993142916 10.5 286
1727993153055 10.5 287
1727993163107 10.5 288
1727993173289 10.5 289
1727993183784 10.5 290
1727993194915 10.5 291
1727993204985 10.5 292
1727993215828 10.5 293
1727993226279 10.5 294
1727993236655 10.5 295
1727993246888 10.5 296
1727993257029 10.5 297
1727993267079 10.5 298
1727993277131 10.5 299
1727993287184 10.5 300
1727993297236 10.5 301
1727993307402 10.5 302
1727993317725 10.5 303
1727993327874 10.5 304
1727993337971 10.5 305
1727993348021 10.5 306
1727993358074 10.5 307
1727993368124 10.5 308
1727993378172 10.5 309
1727993388223 10.5 310
1727993398365 10.5 311
1727993408750 10.5 312
1727993418818 10.5 313
1727993428869 10.5 314
1727993439003 10.5 315
1727993449135 10.5 316
1727993460273 10.5 317
1727993470752 10.5 318
1727993481129 10.5 319
1727993491183 10.5 320
1727993501315 10.5 321
1727993511747 10.5 322
1727993522403 10.5 323
1727993532810 10.5 324
1727993542870 10.5 325
1727993553042 10.5 326
1727993563440 10.5 327
1727993573518 10.5 328
1727993583585 10.5 329
1727993593639 10.5 330
1727993603693 10.5 331
1727993613830 10.5 332
1727993624215 10.5 333
1727993634294 10.5 334
1727993644367 10.5 335
1727993654605 10.5 336
1727993664991 10.5 337
1727993675130 10.5 338
1727993685525 10.5 339
1727993695886 10.5 340
1727993706176 10.5 341
1727993716642 10.5 342
1727993726701 10.5 343
1727993736757 10.5 344
1727993746834 10.5 345
1727993756887 10.5 346
1727993766941 10.5 347
1727993776996 10.5 348
1727993787049 10.5 349
1727993797302 10.5 350
1727993807459 10.5 351
1727993817521 10.5 352
1727993827639 10.5 353
1727993837804 10.5 354
1727993848194 10.5 355
1727993858251 10.5 356
1727993868304 10.5 357
1727993878357 10.5 358
1727993888417 10.5 359
1727993898467 10.5 360
