1727990215399 0.003457993268966675 0
1727990225450 4.871365010738373 1
1727990235488 5.313032001256943 2
1727990245550 5.793664991855621 3
1727990255590 6.889102011919022 4
1727990265628 7.515850007534027 5
1727990275669 8.847189992666245 6
1727990285710 9.987367004156113 7
1727990295750 10.554148018360138 8
1727990305791 11.531639993190765 9
1727990315832 12.816670000553131 10
1727990325871 13.916364997625351 11
1727990335909 14.350147008895874 12
1727990345947 15.434889018535614 13
1727990355985 16.665118008852005 14
1727990366034 17.010729998350143 15
1727990376073 17.922073990106583 16
1727990386124 18.87271699309349 17
1727990396162 19.451741009950638 18
1727990406372 20.65192899107933 19
1727990416410 21.19777399301529 20
1727990426449 22.13890701532364 21
1727990436487 22.824017018079758 22
1727990446527 23.425217002630234 23
1727990456575 24.58627900481224 24
1727990466615 25.19699999690056 25
1727990476653 26.18154501914978 26
1727990486708 26.627667009830475 27
1727990496747 27.570028007030487 28
1727990506802 28.44913300871849 29
1727990516842 28.961372017860413 30
1727990526882 30.152296990156174 31
1727990536924 31.165268003940582 32
1727990546978 32.63728001713753 33
1727990557576 33.845394015312195 34
1727990568091 34.99334999918938 35
1727990578454 35.753064006567 36
1727990588499 36.321965008974075 37
1727990598539 37.025433003902435 38
1727990608581 37.743831008672714 39
1727990619474 38.31122499704361 40
1727990629783 39.20659199357033 41
1727990640290 40.05632999539375 42
1727990650471 40.849485993385315 43
1727990660599 41.54152101278305 44
1727990671000 41.80941501259804 45
1727990681043 42.53567600250244 46
1727990691372 43.295899003744125 47
1727990701690 44.28990200161934 48
1727990711914 44.75138500332832 49
1727990721979 45.50274100899696 50
1727990732020 46.395752012729645 51
1727990742232 47.1759350001812 52
1727990752896 48.2837809920311 53
1727990764245 49.00413200259209 54
1727990774626 49.992898017168045 55
1727990784668 50.332590997219086 56
1727990794750 50.94256600737572 57
1727990804929 52.000531017780304 58
1727990815102 52.823918014764786 59
1727990825282 53.55261701345444 60
1727990835481 54.21766701340675 61
1727990845630 55.06054699420929 62
1727990855674 55.756150007247925 63
1727990865906 56.80733600258827 64
1727990876070 57.227450013160706 65
1727990886453 57.77464401721954 66
1727990896623 58.47325301170349 67
1727990906699 58.800998002290726 68
1727990916771 59.385664999485016 69
1727990926820 60.37940901517868 70
1727990937005 60.95771899819374 71
1727990947094 61.72891700267792 72
1727990957327 62.46441301703453 73
1727990967559 63.11456999182701 74
1727990978064 63.50378900766373 75
1727990988437 64.62488201260567 76
1727990998500 64.9894680082798 77
1727991008556 65.69252201914787 78
1727991018701 66.1066899895668 79
1727991028759 66.89847901463509 80
1727991039449 67.133495002985 81
1727991049701 67.5942890048027 82
1727991060012 68.4575600028038 83
1727991070131 69.17006599903107 84
1727991080174 69.54374399781227 85
1727991090217 69.92134100198746 86
1727991100575 70.96061399579048 87
1727991110850 71.43280401825905 88
1727991120987 72.31766501069069 89
1727991131042 72.86855500936508 90
1727991141098 73.42828300595284 91
1727991151142 73.81286400556564 92
1727991161559 74.85521999001503 93
1727991171806 75.90494099259377 94
1727991181851 76.70993599295616 95
1727991191895 77.51001000404358 96
1727991201954 78.12628298997879 97
1727991212145 78.7995699942112 98
1727991222600 79.57615199685097 99
1727991232644 80.33085399866104 100
1727991243521 80.89467099308968 101
1727991254001 81.75437399744987 102
1727991264618 82.45440301299095 103
1727991275357 83.0188980102539 104
1727991285918 83.5627010166645 105
1727991296386 84.11053401231766 106
1727991306712 84.6446770131588 107
1727991316869 85.65445101261139 108
1727991327163 86.11697101593018 109
1727991337617 86.85266101360321 110
1727991348055 87.52500900626183 111
1727991358357 88.0884889960289 112
1727991368740 88.65170899033546 113
1727991378783 89.22070500254631 114
1727991388965 89.78878900408745 115
1727991399420 90.27242901921272 116
1727991409803 90.9784089922905 117
1727991420754 91.61229899525642 118
1727991430848 92.46425101161003 119
1727991440916 93.10959300398827 120
1727991450964 93.6252869963646 121
1727991461009 94.35975500941277 122
1727991471131 95.00779101252556 123
1727991481202 95.9066210091114 124
1727991491249 96.54235801100731 125
1727991501295 97.08157899975777 126
1727991511458 98.06317400932312 127
1727991521863 98.91992500424385 128
1727991532122 99.48798099160194 129
1727991542491 100.20802000164986 130
1727991552903 100.78035700321198 131
1727991562948 101.21348601579666 132
1727991573088 101.66982400417328 133
1727991583184 102.86144399642944 134
1727991593229 103.7783499956131 135
1727991603544 104.76446399092674 136
1727991614349 105.24219799041748 137
1727991624706 105.85868901014328 138
1727991634923 106.56352001428604 139
1727991645193 107.44586500525475 140
1727991656252 108.69481000304222 141
1727991666760 109.45927301049232 142
1727991676813 110.02693900465965 143
1727991686991 110.48292100429535 144
1727991697113 110.85612601041794 145
1727991707157 111.98933601379395 146
1727991717212 112.95852401852608 147
1727991727468 113.90459501743317 148
1727991738125 114.44949701428413 149
1727991748364 114.84242099523544 150
1727991758689 115.72001901268959 151
1727991769043 116.77606201171875 152
1727991779087 117.76820001006126 153
1727991789132 118.46073800325394 154
1727991799177 119.16740399599075 155
1727991809222 120.18942201137543 156
1727991819355 121.3507490158081 157
1727991829591 121.88338601589203 158
1727991839659 123.18531000614166 159
1727991849831 123.49951499700546 160
1727991860227 124.55825501680374 161
1727991870297 125.16706001758575 162
1727991880344 125.64737501740456 163
1727991890439 126.24943599104881 164
1727991900674 127.62014800310135 165
1727991911065 128.71658700704575 166
1727991921113 129.6001479923725 167
1727991931158 130.21592301130295 168
1727991941205 131.24866899847984 169
1727991951382 132.60789600014687 170
1727991961866 133.731016010046 171
1727991972608 134.36032700538635 172
1727991982996 134.97284299135208 173
1727991993042 135.61681699752808 174
1727992003085 136.64780801534653 175
1727992013129 137.12224900722504 176
1727992023253 138.50528401136398 177
1727992034450 139.3372800052166 178
1727992044753 140.1518869996071 179
1727992054796 140.85352301597595 180
1727992064843 142.20115599036217 181
1727992075014 142.84297999739647 182
1727992085084 143.85976999998093 183
1727992095129 144.70206299424171 184
1727992105176 145.16428700089455 185
1727992115283 146.4018810093403 186
1727992125396 146.97560799121857 187
1727992135443 147.84525701403618 188
1727992145490 148.543428003788 189
1727992155535 149.34084099531174 190
1727992165924 150.58597001433372 191
1727992176006 150.97857001423836 192
1727992186054 152.03655099868774 193
1727992196225 152.8562639951706 194
1727992206533 153.69556400179863 195
1727992216676 154.51199501752853 196
1727992227216 155.36685499548912 197
1727992237414 156.0172280073166 198
1727992247665 156.69581201672554 199
1727992258364 157.38388201594353 200
1727992268882 158.22363701462746 201
1727992279271 159.02381801605225 202
1727992289358 159.7591120004654 203
1727992299493 160.57628601789474 204
1727992309570 161.37891700863838 205
1727992319727 161.8907009959221 206
1727992330390 162.47386401891708 207
1727992340931 163.7479299902916 208
1727992351907 164.43631500005722 209
1727992362229 165.33423101902008 210
1727992372676 165.97070199251175 211
1727992382878 166.6654829978943 212
1727992392993 167.522843003273 213
1727992403201 168.0298320055008 214
1727992414011 169.03549301624298 215
1727992424120 169.9566340148449 216
1727992434203 170.73481500148773 217
1727992444249 171.48673701286316 218
1727992454380 172.32537001371384 219
1727992464462 173.390527009964 220
1727992474508 173.8934700191021 221
1727992484553 174.56689101457596 222
1727992494698 175.68542301654816 223
1727992505410 176.51267701387405 224
1727992515802 177.20589199662209 225
1727992525849 177.92210099101067 226
1727992535895 178.450051009655 227
1727992546068 179.41471499204636 228
1727992556533 180.24462801218033 229
1727992567559 180.9450010061264 230
1727992577749 181.64292600750923 231
1727992587906 181.91651099920273 232
1727992598056 182.75224801898003 233
1727992608297 183.50340899825096 234
1727992618862 184.52458700537682 235
1727992629079 185.23436599969864 236
1727992639240 185.83129999041557 237
1727992649565 186.6662780046463 238
1727992660186 187.61079800128937 239
1727992670355 188.39826899766922 240
1727992680602 189.4228239953518 241
1727992690648 190.20387199521065 242
1727992700695 190.7770279943943 243
1727992710741 191.28449100255966 244
1727992721509 192.0703659951687 245
1727992731694 192.91335499286652 246
1727992741810 193.64658200740814 247
1727992751869 194.36115100979805 248
1727992761930 195.2019100189209 249
1727992772193 195.99913901090622 250
1727992783132 196.41786101460457 251
1727992793326 197.36229100823402 252
1727992803461 198.1390450000763 253
1727992813941 198.87697899341583 254
1727992824359 199.56854501366615 255
1727992834408 200.2037889957428 256
1727992844466 201.46427100896835 257
1727992854518 202.3341610133648 258
1727992864963 203.06445401906967 259
1727992875124 203.76252600550652 260
1727992885171 204.90166601538658 261
1727992895221 205.63177400827408 262
1727992905991 206.36620700359344 263
1727992916536 207.0650660097599 264
1727992927222 207.9658890068531 265
1727992937305 208.69569301605225 266
1727992947452 209.67400601506233 267
1727992957854 210.52952399849892 268
1727992968544 211.31910300254822 269
1727992979026 212.03718799352646 270
1727992989453 212.96834298968315 271
1727992999599 213.8543500006199 272
1727993009682 214.61499100923538 273
1727993019733 215.55623200535774 274
1727993030431 216.06076800823212 275
1727993040586 216.75014799833298 276
1727993051079 217.63560700416565 277
1727993061449 218.41587501764297 278
1727993071500 219.47955399751663 279
1727993081717 220.73408499360085 280
1727993092352 221.50499600172043 281
1727993102551 222.1709589958191 282
1727993112610 223.47830599546432 283
1727993122691 224.25989499688148 284
1727993132761 225.1747089922428 285
1727993142916 226.03007400035858 286
1727993153055 227.1911129951477 287
1727993163107 228.03558200597763 288
1727993173289 228.86168199777603 289
1727993183784 229.65032801032066 290
1727993194915 230.8856939971447 291
1727993204985 231.68654799461365 292
1727993215828 232.35350200533867 293
1727993226279 233.58099499344826 294
1727993236655 234.48412799835205 295
1727993246888 235.474741011858 296
1727993257029 236.24434101581573 297
1727993267079 236.86903101205826 298
1727993277131 237.4697130024433 299
1727993287184 238.79967400431633 300
1727993297236 239.58093601465225 301
1727993307402 240.067694991827 302
1727993317725 240.99715200066566 303
1727993327874 241.84680300951004 304
1727993337971 242.56347900629044 305
1727993348021 243.23256799578667 306
1727993358074 244.09463700652122 307
1727993368124 244.86383399367332 308
1727993378172 245.8392249941826 309
1727993388223 246.74799600243568 310
1727993398365 247.82705500721931 311
1727993408750 248.7558369934559 312
1727993418818 249.7945980131626 313
1727993428869 250.5910470187664 314
1727993439003 251.20960500836372 315
1727993449135 252.54084900021553 316
1727993460273 253.44866001605988 317
1727993470752 254.27140501141548 318
1727993481129 255.07596600055695 319
1727993491183 256.1059440076351 320
1727993501315 257.1144270002842 321
1727993511747 258.05729699134827 322
1727993522403 258.8436010181904 323
1727993532810 259.6772820055485 324
1727993542870 260.48355001211166 325
1727993553042 261.5216940045357 326
1727993563440 261.9601300060749 327
1727993573518 263.06923201680183 328
1727993583585 263.9257470071316 329
1727993593639 264.58681601285934 330
1727993603693 265.90860599279404 331
1727993613830 266.6074260175228 332
1727993624215 267.5390970110893 333
1727993634294 268.54959601163864 334
1727993644367 269.3593049943447 335
1727993654605 270.0600120127201 336
1727993664991 270.9412299990654 337
1727993675130 272.0476520061493 338
1727993685525 273.40457901358604 339
1727993695886 274.55162501335144 340
1727993706176 275.2541989982128 341
1727993716642 276.1765600144863 342
1727993726701 277.0700260102749 343
1727993736757 277.77723601460457 344
1727993746834 278.8789310157299 345
1727993756887 279.56704500317574 346
1727993766941 280.43227699398994 347
1727993776996 281.28709799051285 348
1727993787049 282.65559899806976 349
1727993797302 283.4978809952736 350
1727993807459 284.7728900015354 351
1727993817521 285.8646849989891 352
1727993827639 286.90040400624275 353
1727993837804 288.28123700618744 354
1727993848194 288.76594200730324 355
1727993858251 292.2183240056038 356
1727993868304 292.80142000317574 357
1727993878357 293.1447319984436 358
1727993888417 293.58839800953865 359
1727993898467 293.91211000084877 360
