1727990215399 0.005058020353317261 0
1727990225450 4.955022007226944 1
1727990235488 5.376775026321411 2
1727990245550 5.829254001379013 3
1727990255590 6.966947019100189 4
1727990265628 7.750055015087128 5
1727990275669 9.322465002536774 6
1727990285710 10.688323020935059 7
1727990295750 11.349328011274338 8
1727990305791 12.47800001502037 9
1727990315832 13.921256005764008 10
1727990325871 15.263557016849518 11
1727990335909 15.775095999240875 12
1727990345947 16.998937010765076 13
1727990355985 18.379602015018463 14
1727990366034 18.79116901755333 15
1727990376073 19.88441902399063 16
1727990386124 20.925122022628784 17
1727990396162 21.63774800300598 18
1727990406372 22.95686700940132 19
1727990416410 23.57708302140236 20
1727990426449 24.712105005979538 21
1727990436487 25.472797006368637 22
1727990446527 26.288835018873215 23
1727990456575 27.55154401063919 24
1727990466615 28.264731019735336 25
1727990476653 29.44937700033188 26
1727990486708 29.906545013189316 27
1727990496747 31.058949023485184 28
1727990506802 32.097259014844894 29
1727990516842 32.77532801032066 30
1727990526882 34.109585016965866 31
1727990536924 35.294349014759064 32
1727990546978 37.06513801217079 33
1727990557576 38.52132201194763 34
1727990568091 39.983572006225586 35
1727990578454 40.961233019828796 36
1727990588499 41.67077401280403 37
1727990598539 42.47023501992226 38
1727990608581 43.3220240175724 39
1727990619474 44.05275601148605 40
1727990629783 45.215229004621506 41
1727990640290 46.31163701415062 42
1727990650471 47.33404502272606 43
1727990660599 47.99129602313042 44
1727990671000 48.3639660179615 45
1727990681043 49.2267000079155 46
1727990691372 50.17874902486801 47
1727990701690 51.39154201745987 48
1727990711914 52.04887902736664 49
1727990721979 52.908672004938126 50
1727990732020 53.94384500384331 51
1727990742232 54.94276601076126 52
1727990752896 56.372483015060425 53
1727990764245 57.31947502493858 54
1727990774626 58.54876101016998 55
1727990784668 58.9989570081234 56
1727990794750 59.604671001434326 57
1727990804929 60.854321002960205 58
1727990815102 61.87134900689125 59
1727990825282 62.84924700856209 60
1727990835481 63.61385801434517 61
1727990845630 64.73400202393532 62
1727990855674 65.55546000599861 63
1727990865906 66.72297802567482 64
1727990876070 67.28967300057411 65
1727990886453 68.1425310075283 66
1727990896623 69.00688999891281 67
1727990906699 69.48723101615906 68
1727990916771 70.22257900238037 69
1727990926820 71.45285502076149 70
1727990937005 72.03729602694511 71
1727990947094 73.02425500750542 72
1727990957327 74.0379950106144 73
1727990967559 74.87609001994133 74
1727990978064 75.50471901893616 75
1727990988437 76.69948500394821 76
1727990998500 77.15660101175308 77
1727991008556 78.04381901025772 78
1727991018701 78.5988489985466 79
1727991028759 79.7136510014534 80
1727991039449 79.96428000926971 81
1727991049701 80.66214302182198 82
1727991060012 81.52620700001717 83
1727991070131 82.47809600830078 84
1727991080174 82.8839790225029 85
1727991090217 83.43006202578545 86
1727991100575 84.70206600427628 87
1727991110850 85.39481902122498 88
1727991120987 86.28392601013184 89
1727991131042 86.93838199973106 90
1727991141098 87.67115899920464 91
1727991151142 88.22423201799393 92
1727991161559 89.67636600136757 93
1727991171806 90.9977520108223 94
1727991181851 92.17636600136757 95
1727991191895 93.14212301373482 96
1727991201954 93.94436800479889 97
1727991212145 94.75923100113869 98
1727991222600 95.822684019804 99
1727991232644 96.74048501253128 100
1727991243521 97.50029301643372 101
1727991254001 98.48271602392197 102
1727991264618 99.23114201426506 103
1727991275357 100.11270099878311 104
1727991285918 100.89777302742004 105
1727991296386 101.64675402641296 106
1727991306712 102.26030802726746 107
1727991316869 103.51611602306366 108
1727991327163 104.1703830063343 109
1727991337617 105.08080902695656 110
1727991348055 105.90246802568436 111
1727991358357 106.80109000205994 112
1727991368740 107.59051302075386 113
1727991378783 108.11631700396538 114
1727991388965 108.87541100382805 115
1727991399420 109.57489702105522 116
1727991409803 110.37281200289726 117
1727991420754 111.34482702612877 118
1727991430848 112.44940501451492 119
1727991440916 113.18885099887848 120
1727991450964 113.90734300017357 121
1727991461009 114.89740499854088 122
1727991471131 115.72630500793457 123
1727991481202 116.90899401903152 124
1727991491249 117.88242900371552 125
1727991501295 118.63685300946236 126
1727991511458 119.74985501170158 127
1727991521863 121.06131201982498 128
1727991532122 121.85079902410507 129
1727991542491 122.75630801916122 130
1727991552903 123.39389100670815 131
1727991562948 124.0157890021801 132
1727991573088 124.67188301682472 133
1727991583184 126.27233701944351 134
1727991593229 127.44248700141907 135
1727991603544 128.81262901425362 136
1727991614349 129.51386001706123 137
1727991624706 130.36727499961853 138
1727991634923 131.2776330113411 139
1727991645193 132.3888360261917 140
1727991656252 134.14022800326347 141
1727991666760 135.1114820241928 142
1727991676813 135.91661900281906 143
1727991686991 136.57945302128792 144
1727991697113 137.01493200659752 145
1727991707157 138.37399300932884 146
1727991717212 139.63334900140762 147
1727991727468 140.82581600546837 148
1727991738125 141.59611201286316 149
1727991748364 142.21980601549149 150
1727991758689 143.3699790239334 151
1727991769043 144.82829201221466 152
1727991779087 145.94914701581 153
1727991789132 147.1973150074482 154
1727991799177 148.13777300715446 155
1727991809222 149.4502170085907 156
1727991819355 151.11953499913216 157
1727991829591 151.96523401141167 158
1727991839659 153.31635501980782 159
1727991849831 153.84052100777626 160
1727991860227 155.1795440018177 161
1727991870297 156.03601801395416 162
1727991880344 156.9403530061245 163
1727991890439 157.64856100082397 164
1727991900674 159.24965700507164 165
1727991911065 160.8793490231037 166
1727991921113 162.21112501621246 167
1727991931158 163.07842600345612 168
1727991941205 164.46229001879692 169
1727991951382 166.35931700468063 170
1727991961866 167.72973200678825 171
1727991972608 168.6286070048809 172
1727991982996 169.5123790204525 173
1727991993042 170.15464401245117 174
1727992003085 171.75517600774765 175
1727992013129 172.48253101110458 176
1727992023253 174.32945400476456 177
1727992034450 175.45039302110672 178
1727992044753 176.7910140156746 179
1727992054796 177.7616250216961 180
1727992064843 179.52972802519798 181
1727992075014 180.46259701251984 182
1727992085084 181.9766980111599 183
1727992095129 183.01037001609802 184
1727992105176 183.5167089998722 185
1727992115283 185.3340810239315 186
1727992125396 185.9715970158577 187
1727992135443 187.13512900471687 188
1727992145490 188.11400300264359 189
1727992155535 189.134202003479 190
1727992165924 190.73031201958656 191
1727992176006 191.40339601039886 192
1727992186054 192.79601800441742 193
1727992196225 193.86358299851418 194
1727992206533 195.04008901119232 195
1727992216676 196.11739701032639 196
1727992227216 197.4551950097084 197
1727992237414 198.16202402114868 198
1727992247665 199.19145700335503 199
1727992258364 200.10999202728271 200
1727992268882 201.52440902590752 201
1727992279271 202.58834701776505 202
1727992289358 203.31348299980164 203
1727992299493 204.48511999845505 204
1727992309570 205.6094390153885 205
1727992319727 206.35026600956917 206
1727992330390 207.24992102384567 207
1727992340931 208.82982102036476 208
1727992351907 210.08109402656555 209
1727992362229 211.30174601078033 210
1727992372676 212.24709501862526 211
1727992382878 213.40408301353455 212
1727992392993 214.5471190214157 213
1727992403201 215.030621021986 214
1727992414011 216.6678990125656 215
1727992424120 217.9181390106678 216
1727992434203 219.00759902596474 217
1727992444249 220.07759001851082 218
1727992454380 221.21388000249863 219
1727992464462 222.91671201586723 220
1727992474508 223.401231020689 221
1727992484553 224.44919201731682 222
1727992494698 226.13996702432632 223
1727992505410 227.33567202091217 224
1727992515802 228.08936300873756 225
1727992525849 229.07342901825905 226
1727992535895 229.91365000605583 227
1727992546068 231.23278400301933 228
1727992556533 232.36489802598953 229
1727992567559 233.3976900279522 230
1727992577749 234.15103602409363 231
1727992587906 234.7194820046425 232
1727992598056 235.8550180196762 233
1727992608297 236.91401702165604 234
1727992618862 238.00408402085304 235
1727992629079 239.03792202472687 236
1727992639240 240.2070620059967 237
1727992649565 241.41973000764847 238
1727992660186 242.67120000720024 239
1727992670355 243.84040701389313 240
1727992680602 244.84944200515747 241
1727992690648 246.41120100021362 242
1727992700695 247.29676201939583 243
1727992710741 247.84437701106071 244
1727992721509 249.00387400388718 245
1727992731694 250.1822210252285 246
1727992741810 251.26209700107574 247
1727992751869 251.91796001791954 248
1727992761930 253.10954502224922 249
1727992772193 254.27633500099182 250
1727992783132 255.08133801817894 251
1727992793326 256.4072070121765 252
1727992803461 257.32293900847435 253
1727992813941 258.29782301187515 254
1727992824359 259.43721601366997 255
1727992834408 260.1805040240288 256
1727992844466 262.29324701428413 257
1727992854518 263.56950801610947 258
1727992864963 264.70121601223946 259
1727992875124 265.76529201865196 260
1727992885171 266.9018070101738 261
1727992895221 268.2985500097275 262
1727992905991 269.43610602617264 263
1727992916536 270.50841200351715 264
1727992927222 271.7574420273304 265
1727992937305 272.55300602316856 266
1727992947452 274.0930090248585 267
1727992957854 275.0621840059757 268
1727992968544 276.57575300335884 269
1727992979026 277.6737050116062 270
1727992989453 279.1035570204258 271
1727992999599 280.36001002788544 272
1727993009682 281.50969502329826 273
1727993019733 282.4274250268936 274
1727993030431 283.33353301882744 275
1727993040586 284.41432201862335 276
1727993051079 285.6560660004616 277
1727993061449 286.82677802443504 278
1727993071500 288.2917780280113 279
1727993081717 290.27707400918007 280
1727993092352 291.4192810058594 281
1727993102551 292.46176102757454 282
1727993112610 294.1678400039673 283
1727993122691 295.36339300870895 284
1727993132761 297.0426670014858 285
1727993142916 298.00570100545883 286
1727993153055 299.8487180173397 287
1727993163107 301.0932460129261 288
1727993173289 302.31934002041817 289
1727993183784 303.5040540099144 290
1727993194915 305.20299300551414 291
1727993204985 306.797670006752 292
1727993215828 307.42252600193024 293
1727993226279 309.11853101849556 294
1727993236655 310.7700030207634 295
1727993246888 312.1422070264816 296
1727993257029 313.32613199949265 297
1727993267079 314.38232201337814 298
1727993277131 315.023206025362 299
1727993287184 316.8960830271244 300
1727993297236 318.0896230041981 301
1727993307402 319.0006380081177 302
1727993317725 320.3233740031719 303
1727993327874 321.640949010849 304
1727993337971 322.79210501909256 305
1727993348021 323.4302060008049 306
1727993358074 324.7129440009594 307
1727993368124 325.91999500989914 308
1727993378172 327.309838026762 309
1727993388223 328.6723380088806 310
1727993398365 330.5752990245819 311
1727993408750 331.62269601225853 312
1727993418818 332.97601902484894 313
1727993428869 334.22578102350235 314
1727993439003 335.2418000102043 315
1727993449135 337.4428210258484 316
1727993460273 338.8288430273533 317
1727993470752 340.10040801763535 318
1727993481129 341.3513130247593 319
1727993491183 342.36353102326393 320
1727993501315 344.270811021328 321
1727993511747 345.6276300251484 322
1727993522403 346.8635700047016 323
1727993532810 348.15004801750183 324
1727993542870 349.02467000484467 325
1727993553042 350.78706499934196 326
1727993563440 351.3255259990692 327
1727993573518 352.85088300704956 328
1727993583585 354.31526601314545 329
1727993593639 355.02639999985695 330
1727993603693 357.2363510131836 331
1727993613830 358.36582401394844 332
1727993624215 359.75490000844 333
1727993634294 361.1963600218296 334
1727993644367 362.07131201028824 335
1727993654605 363.603413015604 336
1727993664991 364.5699770152569 337
1727993675130 366.1432709991932 338
1727993685525 368.37055400013924 339
1727993695886 370.00482299923897 340
1727993706176 371.54062300920486 341
1727993716642 372.54781901836395 342
1727993726701 373.9190590083599 343
1727993736757 375.4722060263157 344
1727993746834 376.6095940172672 345
1727993756887 377.73377600312233 346
1727993766941 379.0642590224743 347
1727993776996 380.3899320065975 348
1727993787049 382.2975860238075 349
1727993797302 383.62591302394867 350
1727993807459 385.88063302636147 351
1727993817521 386.94581201672554 352
1727993827639 388.43023401498795 353
1727993837804 390.7711790204048 354
1727993848194 391.7129240036011 355
1727993858251 395.729504019022 356
1727993868304 398.7901280224323 357
1727993878357 399.17247700691223 358
1727993888417 399.8195030093193 359
1727993898467 400.16696402430534 360
