1727990215399 1.1 0
1727990225450 1.4 1
1727990235488 1.6 2
1727990245550 1.7 3
1727990255590 1.7 4
1727990265628 1.8 5
1727990275669 1.7 6
1727990285710 1.8 7
1727990295750 1.7 8
1727990305791 1.8 9
1727990315832 1.8 10
1727990325871 1.8 11
1727990335909 1.8 12
1727990345947 1.7 13
1727990355985 1.7 14
1727990366034 1.8 15
1727990376073 1.7 16
1727990386124 1.8 17
1727990396162 1.7 18
1727990406372 1.8 19
1727990416410 1.8 20
1727990426449 1.7 21
1727990436487 1.8 22
1727990446527 1.7 23
1727990456575 1.8 24
1727990466615 1.8 25
1727990476653 1.7 26
1727990486708 1.8 27
1727990496747 1.7 28
1727990506802 1.7 29
1727990516842 1.8 30
1727990526882 1.8 31
1727990536924 1.8 32
1727990546978 1.8 33
1727990557576 1.8 34
1727990568091 1.8 35
1727990578454 1.8 36
1727990588499 1.8 37
1727990598539 1.8 38
1727990608581 1.8 39
1727990619474 1.8 40
1727990629783 1.8 41
1727990640290 1.8 42
1727990650471 1.8 43
1727990660599 1.8 44
1727990671000 1.8 45
1727990681043 1.8 46
1727990691372 1.8 47
1727990701690 1.8 48
1727990711914 1.8 49
1727990721979 1.8 50
1727990732020 1.8 51
1727990742232 1.8 52
1727990752896 1.8 53
1727990764245 1.8 54
1727990774626 1.8 55
1727990784668 1.8 56
1727990794750 1.8 57
1727990804929 1.8 58
1727990815102 1.8 59
1727990825282 1.8 60
1727990835481 1.8 61
1727990845630 1.8 62
1727990855674 1.8 63
1727990865906 1.8 64
1727990876070 1.8 65
1727990886453 1.8 66
1727990896623 1.8 67
1727990906699 1.8 68
1727990916771 1.8 69
1727990926820 1.8 70
1727990937005 1.8 71
1727990947094 1.8 72
1727990957327 1.8 73
1727990967559 1.8 74
1727990978064 1.8 75
1727990988437 1.8 76
1727990998500 1.8 77
1727991008556 1.8 78
1727991018701 1.8 79
1727991028759 1.8 80
1727991039449 1.8 81
1727991049701 1.8 82
1727991060012 1.8 83
1727991070131 1.8 84
1727991080174 1.8 85
1727991090217 1.8 86
1727991100575 1.8 87
1727991110850 1.8 88
1727991120987 1.8 89
1727991131042 1.8 90
1727991141098 1.8 91
1727991151142 1.8 92
1727991161559 1.8 93
1727991171806 1.8 94
1727991181851 1.8 95
1727991191895 1.8 96
1727991201954 1.8 97
1727991212145 1.7 98
1727991222600 1.7 99
1727991232644 1.8 100
1727991243521 1.7 101
1727991254001 1.7 102
1727991264618 1.7 103
1727991275357 1.7 104
1727991285918 1.7 105
1727991296386 1.7 106
1727991306712 1.7 107
1727991316869 1.8 108
1727991327163 1.7 109
1727991337617 1.7 110
1727991348055 1.7 111
1727991358357 1.7 112
1727991368740 1.7 113
1727991378783 1.8 114
1727991388965 1.8 115
1727991399420 1.7 116
1727991409803 1.7 117
1727991420754 1.8 118
1727991430848 1.7 119
1727991440916 1.8 120
1727991450964 1.7 121
1727991461009 1.7 122
1727991471131 1.8 123
1727991481202 1.7 124
1727991491249 1.8 125
1727991501295 1.7 126
1727991511458 1.8 127
1727991521863 1.7 128
1727991532122 1.7 129
1727991542491 1.7 130
1727991552903 1.7 131
1727991562948 1.7 132
1727991573088 1.8 133
1727991583184 1.7 134
1727991593229 1.7 135
1727991603544 1.8 136
1727991614349 1.7 137
1727991624706 1.7 138
1727991634923 1.8 139
1727991645193 1.7 140
1727991656252 1.7 141
1727991666760 1.7 142
1727991676813 1.7 143
1727991686991 1.7 144
1727991697113 1.7 145
1727991707157 1.8 146
1727991717212 1.8 147
1727991727468 1.7 148
1727991738125 1.8 149
1727991748364 1.7 150
1727991758689 1.7 151
1727991769043 1.7 152
1727991779087 1.8 153
1727991789132 1.8 154
1727991799177 1.8 155
1727991809222 1.8 156
1727991819355 1.7 157
1727991829591 1.7 158
1727991839659 1.8 159
1727991849831 1.8 160
1727991860227 1.8 161
1727991870297 1.8 162
1727991880344 1.8 163
1727991890439 1.8 164
1727991900674 1.8 165
1727991911065 1.8 166
1727991921113 1.8 167
1727991931158 1.8 168
1727991941205 1.8 169
1727991951382 1.8 170
1727991961866 1.8 171
1727991972608 1.8 172
1727991982996 1.8 173
1727991993042 1.8 174
1727992003085 1.8 175
1727992013129 1.8 176
1727992023253 1.8 177
1727992034450 1.8 178
1727992044753 1.8 179
1727992054796 1.8 180
1727992064843 1.8 181
1727992075014 1.8 182
1727992085084 1.8 183
1727992095129 1.8 184
1727992105176 1.8 185
1727992115283 1.8 186
1727992125396 1.8 187
1727992135443 1.8 188
1727992145490 1.8 189
1727992155535 1.8 190
1727992165924 1.8 191
1727992176006 1.8 192
1727992186054 1.8 193
1727992196225 1.8 194
1727992206533 1.8 195
1727992216676 1.8 196
1727992227216 1.8 197
1727992237414 1.8 198
1727992247665 1.8 199
1727992258364 1.8 200
1727992268882 1.8 201
1727992279271 1.8 202
1727992289358 1.7 203
1727992299493 1.7 204
1727992309570 1.7 205
1727992319727 1.7 206
1727992330390 1.7 207
1727992340931 1.8 208
1727992351907 1.8 209
1727992362229 1.8 210
1727992372676 1.8 211
1727992382878 1.8 212
1727992392993 1.8 213
1727992403201 1.8 214
1727992414011 1.8 215
1727992424120 1.8 216
1727992434203 1.8 217
1727992444249 1.8 218
1727992454380 1.8 219
1727992464462 1.8 220
1727992474508 1.8 221
1727992484553 1.8 222
1727992494698 1.8 223
1727992505410 1.8 224
1727992515802 1.8 225
1727992525849 1.8 226
1727992535895 1.8 227
1727992546068 1.8 228
1727992556533 1.8 229
1727992567559 1.8 230
1727992577749 1.8 231
1727992587906 1.8 232
1727992598056 1.8 233
1727992608297 1.8 234
1727992618862 1.8 235
1727992629079 1.8 236
1727992639240 1.8 237
1727992649565 1.8 238
1727992660186 1.8 239
1727992670355 1.8 240
1727992680602 1.8 241
1727992690648 1.8 242
1727992700695 1.8 243
1727992710741 1.8 244
1727992721509 1.8 245
1727992731694 1.8 246
1727992741810 1.8 247
1727992751869 1.8 248
1727992761930 1.8 249
1727992772193 1.8 250
1727992783132 1.8 251
1727992793326 1.8 252
1727992803461 1.8 253
1727992813941 1.8 254
1727992824359 1.8 255
1727992834408 1.8 256
1727992844466 1.7 257
1727992854518 1.7 258
1727992864963 1.8 259
1727992875124 1.8 260
1727992885171 1.8 261
1727992895221 1.8 262
1727992905991 1.8 263
1727992916536 1.8 264
1727992927222 1.8 265
1727992937305 1.8 266
1727992947452 1.8 267
1727992957854 1.8 268
1727992968544 1.8 269
1727992979026 1.8 270
1727992989453 1.8 271
1727992999599 1.8 272
1727993009682 1.8 273
1727993019733 1.8 274
1727993030431 1.8 275
1727993040586 1.8 276
1727993051079 1.8 277
1727993061449 1.7 278
1727993071500 1.7 279
1727993081717 1.8 280
1727993092352 1.8 281
1727993102551 1.8 282
1727993112610 1.8 283
1727993122691 1.8 284
1727993132761 1.8 285
1727993142916 1.8 286
1727993153055 1.8 287
1727993163107 1.8 288
1727993173289 1.8 289
1727993183784 1.8 290
1727993194915 1.8 291
1727993204985 1.8 292
1727993215828 1.8 293
1727993226279 1.8 294
1727993236655 1.8 295
1727993246888 1.8 296
1727993257029 1.8 297
1727993267079 1.8 298
1727993277131 1.8 299
1727993287184 1.8 300
1727993297236 1.8 301
1727993307402 1.8 302
1727993317725 1.8 303
1727993327874 1.8 304
1727993337971 1.8 305
1727993348021 1.8 306
1727993358074 1.8 307
1727993368124 1.8 308
1727993378172 1.8 309
1727993388223 1.8 310
1727993398365 1.8 311
1727993408750 1.8 312
1727993418818 1.8 313
1727993428869 1.8 314
1727993439003 1.8 315
1727993449135 1.8 316
1727993460273 1.8 317
1727993470752 1.8 318
1727993481129 1.8 319
1727993491183 1.8 320
1727993501315 1.8 321
1727993511747 1.8 322
1727993522403 1.8 323
1727993532810 1.8 324
1727993542870 1.8 325
1727993553042 1.8 326
1727993563440 1.8 327
1727993573518 1.8 328
1727993583585 1.8 329
1727993593639 1.8 330
1727993603693 1.8 331
1727993613830 1.8 332
1727993624215 1.8 333
1727993634294 1.8 334
1727993644367 1.8 335
1727993654605 1.8 336
1727993664991 1.8 337
1727993675130 1.8 338
1727993685525 1.8 339
1727993695886 1.8 340
1727993706176 1.8 341
1727993716642 1.8 342
1727993726701 1.8 343
1727993736757 1.8 344
1727993746834 1.8 345
1727993756887 1.8 346
1727993766941 1.8 347
1727993776996 1.8 348
1727993787049 1.8 349
1727993797302 1.8 350
1727993807459 1.8 351
1727993817521 1.8 352
1727993827639 1.8 353
1727993837804 1.8 354
1727993848194 1.8 355
1727993858251 1.8 356
1727993868304 1.8 357
1727993878357 1.8 358
1727993888417 1.8 359
1727993898467 1.8 360
