1727990215399 6205.3 0
1727990225450 7677.1 1
1727990235488 8470.3 2
1727990245550 9383.8 3
1727990255590 9394.2 4
1727990265628 9511.3 5
1727990275669 9412.4 6
1727990285710 9521.2 7
1727990295750 9421.5 8
1727990305791 9532.5 9
1727990315832 9536.0 10
1727990325871 9533.4 11
1727990335909 9548.7 12
1727990345947 9424.7 13
1727990355985 9428.7 14
1727990366034 9559.2 15
1727990376073 9433.4 16
1727990386124 9531.5 17
1727990396162 9441.0 18
1727990406372 9551.9 19
1727990416410 9554.4 20
1727990426449 9442.1 21
1727990436487 9549.7 22
1727990446527 9442.7 23
1727990456575 9532.2 24
1727990466615 9547.6 25
1727990476653 9451.2 26
1727990486708 9572.0 27
1727990496747 9458.2 28
1727990506802 9459.4 29
1727990516842 9466.8 30
1727990526882 9520.3 31
1727990536924 9587.1 32
1727990546978 9534.2 33
1727990557576 9472.3 34
1727990568091 9471.1 35
1727990578454 9472.7 36
1727990588499 9472.1 37
1727990598539 9480.4 38
1727990608581 9548.3 39
1727990619474 9487.6 40
1727990629783 9468.7 41
1727990640290 9473.3 42
1727990650471 9467.5 43
1727990660599 9465.9 44
1727990671000 9466.6 45
1727990681043 9499.5 46
1727990691372 9470.5 47
1727990701690 9468.7 48
1727990711914 9470.9 49
1727990721979 9559.0 50
1727990732020 9469.8 51
1727990742232 9584.4 52
1727990752896 9475.1 53
1727990764245 9473.9 54
1727990774626 9472.3 55
1727990784668 9472.1 56
1727990794750 9570.1 57
1727990804929 9468.3 58
1727990815102 9465.2 59
1727990825282 9468.9 60
1727990835481 9473.2 61
1727990845630 9475.0 62
1727990855674 9529.9 63
1727990865906 9585.8 64
1727990876070 9472.2 65
1727990886453 9471.9 66
1727990896623 9474.8 67
1727990906699 9477.1 68
1727990916771 9477.4 69
1727990926820 9479.7 70
1727990937005 9480.5 71
1727990947094 9481.3 72
1727990957327 9482.0 73
1727990967559 9481.4 74
1727990978064 9480.7 75
1727990988437 9481.2 76
1727990998500 9560.4 77
1727991008556 9482.0 78
1727991018701 9602.5 79
1727991028759 9481.5 80
1727991039449 9610.2 81
1727991049701 9484.5 82
1727991060012 9483.6 83
1727991070131 9482.2 84
1727991080174 9483.2 85
1727991090217 9500.0 86
1727991100575 9484.8 87
1727991110850 9476.6 88
1727991120987 9477.9 89
1727991131042 9476.7 90
1727991141098 9477.5 91
1727991151142 9568.7 92
1727991161559 9477.2 93
1727991171806 9476.2 94
1727991181851 9524.0 95
1727991191895 9512.2 96
1727991201954 9553.2 97
1727991212145 9440.5 98
1727991222600 9440.1 99
1727991232644 9462.7 100
1727991243521 9451.4 101
1727991254001 9441.8 102
1727991264618 9445.6 103
1727991275357 9444.8 104
1727991285918 9446.0 105
1727991296386 9448.4 106
1727991306712 9448.4 107
1727991316869 9531.4 108
1727991327163 9448.2 109
1727991337617 9450.3 110
1727991348055 9448.0 111
1727991358357 9449.0 112
1727991368740 9446.9 113
1727991378783 9552.8 114
1727991388965 9518.4 115
1727991399420 9445.7 116
1727991409803 9445.3 117
1727991420754 9501.9 118
1727991430848 9448.4 119
1727991440916 9572.6 120
1727991450964 9447.5 121
1727991461009 9443.7 122
1727991471131 9524.7 123
1727991481202 9444.3 124
1727991491249 9478.5 125
1727991501295 9452.8 126
1727991511458 9574.1 127
1727991521863 9449.6 128
1727991532122 9458.3 129
1727991542491 9458.2 130
1727991552903 9458.8 131
1727991562948 9459.7 132
1727991573088 9483.8 133
1727991583184 9457.7 134
1727991593229 9458.9 135
1727991603544 9582.8 136
1727991614349 9452.1 137
1727991624706 9453.1 138
1727991634923 9484.2 139
1727991645193 9455.7 140
1727991656252 9457.6 141
1727991666760 9456.6 142
1727991676813 9455.9 143
1727991686991 9456.3 144
1727991697113 9455.6 145
1727991707157 9572.8 146
1727991717212 9580.8 147
1727991727468 9459.1 148
1727991738125 9463.3 149
1727991748364 9458.7 150
1727991758689 9456.4 151
1727991769043 9455.8 152
1727991779087 9470.9 153
1727991789132 9518.0 154
1727991799177 9472.9 155
1727991809222 9580.9 156
1727991819355 9455.2 157
1727991829591 9457.0 158
1727991839659 9462.0 159
1727991849831 9581.2 160
1727991860227 9462.8 161
1727991870297 9462.0 162
1727991880344 9461.1 163
1727991890439 9463.2 164
1727991900674 9463.0 165
1727991911065 9463.0 166
1727991921113 9570.6 167
1727991931158 9483.5 168
1727991941205 9532.6 169
1727991951382 9468.9 170
1727991961866 9467.5 171
1727991972608 9467.4 172
1727991982996 9467.2 173
1727991993042 9467.9 174
1727992003085 9475.1 175
1727992013129 9574.5 176
1727992023253 9537.7 177
1727992034450 9481.4 178
1727992044753 9478.1 179
1727992054796 9540.6 180
1727992064843 9603.4 181
1727992075014 9603.9 182
1727992085084 9486.5 183
1727992095129 9486.6 184
1727992105176 9543.3 185
1727992115283 9485.9 186
1727992125396 9574.3 187
1727992135443 9481.0 188
1727992145490 9482.0 189
1727992155535 9599.1 190
1727992165924 9482.4 191
1727992176006 9478.1 192
1727992186054 9480.0 193
1727992196225 9481.2 194
1727992206533 9480.9 195
1727992216676 9482.2 196
1727992227216 9483.4 197
1727992237414 9482.8 198
1727992247665 9479.3 199
1727992258364 9479.8 200
1727992268882 9477.1 201
1727992279271 9477.3 202
1727992289358 9453.8 203
1727992299493 9456.4 204
1727992309570 9458.3 205
1727992319727 9458.0 206
1727992330390 9460.5 207
1727992340931 9460.6 208
1727992351907 9466.8 209
1727992362229 9469.0 210
1727992372676 9462.3 211
1727992382878 9462.2 212
1727992392993 9463.8 213
1727992403201 9589.8 214
1727992414011 9466.3 215
1727992424120 9465.7 216
1727992434203 9466.9 217
1727992444249 9555.8 218
1727992454380 9576.8 219
1727992464462 9466.8 220
1727992474508 9560.1 221
1727992484553 9526.0 222
1727992494698 9467.2 223
1727992505410 9465.4 224
1727992515802 9464.4 225
1727992525849 9466.3 226
1727992535895 9488.8 227
1727992546068 9531.4 228
1727992556533 9465.8 229
1727992567559 9466.3 230
1727992577749 9467.1 231
1727992587906 9467.1 232
1727992598056 9466.6 233
1727992608297 9462.1 234
1727992618862 9460.8 235
1727992629079 9461.0 236
1727992639240 9463.8 237
1727992649565 9461.9 238
1727992660186 9541.9 239
1727992670355 9468.5 240
1727992680602 9469.5 241
1727992690648 9468.6 242
1727992700695 9473.8 243
1727992710741 9592.0 244
1727992721509 9545.2 245
1727992731694 9468.5 246
1727992741810 9469.6 247
1727992751869 9593.9 248
1727992761930 9468.2 249
1727992772193 9468.4 250
1727992783132 9462.3 251
1727992793326 9464.3 252
1727992803461 9463.9 253
1727992813941 9586.4 254
1727992824359 9466.0 255
1727992834408 9463.0 256
1727992844466 9460.1 257
1727992854518 9460.4 258
1727992864963 9474.2 259
1727992875124 9463.8 260
1727992885171 9563.3 261
1727992895221 9538.4 262
1727992905991 9486.9 263
1727992916536 9470.3 264
1727992927222 9470.6 265
1727992937305 9475.3 266
1727992947452 9474.0 267
1727992957854 9473.8 268
1727992968544 9486.4 269
1727992979026 9474.4 270
1727992989453 9474.5 271
1727992999599 9477.8 272
1727993009682 9478.5 273
1727993019733 9479.8 274
1727993030431 9559.7 275
1727993040586 9478.9 276
1727993051079 9479.6 277
1727993061449 9437.8 278
1727993071500 9459.9 279
1727993081717 9563.6 280
1727993092352 9462.3 281
1727993102551 9465.6 282
1727993112610 9464.4 283
1727993122691 9467.8 284
1727993132761 9467.5 285
1727993142916 9493.0 286
1727993153055 9468.7 287
1727993163107 9577.9 288
1727993173289 9538.5 289
1727993183784 9470.3 290
1727993194915 9469.6 291
1727993204985 9469.5 292
1727993215828 9572.4 293
1727993226279 9466.8 294
1727993236655 9471.2 295
1727993246888 9472.0 296
1727993257029 9468.0 297
1727993267079 9468.2 298
1727993277131 9500.0 299
1727993287184 9468.9 300
1727993297236 9471.2 301
1727993307402 9478.4 302
1727993317725 9469.1 303
1727993327874 9551.6 304
1727993337971 9468.2 305
1727993348021 9571.0 306
1727993358074 9591.4 307
1727993368124 9522.7 308
1727993378172 9590.5 309
1727993388223 9569.8 310
1727993398365 9467.4 311
1727993408750 9466.7 312
1727993418818 9467.4 313
1727993428869 9471.0 314
1727993439003 9547.5 315
1727993449135 9470.0 316
1727993460273 9471.9 317
1727993470752 9474.0 318
1727993481129 9474.4 319
1727993491183 9476.5 320
1727993501315 9490.1 321
1727993511747 9476.0 322
1727993522403 9475.7 323
1727993532810 9475.8 324
1727993542870 9477.7 325
1727993553042 9476.4 326
1727993563440 9475.8 327
1727993573518 9476.2 328
1727993583585 9476.1 329
1727993593639 9476.0 330
1727993603693 9476.2 331
1727993613830 9554.7 332
1727993624215 9476.0 333
1727993634294 9475.7 334
1727993644367 9478.8 335
1727993654605 9477.5 336
1727993664991 9476.7 337
1727993675130 9546.2 338
1727993685525 9478.2 339
1727993695886 9477.5 340
1727993706176 9478.2 341
1727993716642 9476.5 342
1727993726701 9477.1 343
1727993736757 9476.3 344
1727993746834 9479.6 345
1727993756887 9564.7 346
1727993766941 9539.5 347
1727993776996 9578.7 348
1727993787049 9582.2 349
1727993797302 9553.7 350
1727993807459 9477.0 351
1727993817521 9478.2 352
1727993827639 9480.2 353
1727993837804 9484.4 354
1727993848194 9481.8 355
1727993858251 9484.8 356
1727993868304 9484.6 357
1727993878357 9484.0 358
1727993888417 9483.8 359
1727993898467 9483.7 360
