1727965501714 0.0 0
1727965511807 2.9 1
1727965521846 2.4 2
1727965531888 2.7 3
1727965541927 3.7 4
1727965551966 4.7 5
1727965562006 4.0 6
1727965572044 3.2 7
1727965582117 4.7 8
1727965592183 2.8 9
1727965602222 3.6 10
1727965612283 4.6 11
1727965622321 5.0 12
1727965632360 2.1 13
1727965642398 4.0 14
1727965652438 4.7 15
1727965662476 4.2 16
1727965672515 4.6 17
1727965682553 3.8 18
1727965692592 3.7 19
1727965702631 3.4 20
1727965712671 4.6 21
1727965722711 3.5 22
1727965732779 4.7 23
1727965742835 4.4 24
1727965752875 4.3 25
1727965762925 3.5 26
1727965772966 3.9 27
1727965783006 4.4 28
1727965793086 4.9 29
1727965803135 5.5 30
1727965813183 5.8 31
1727965823228 5.4 32
1727965833268 7.6 33
1727965843309 6.4 34
1727965853350 7.3 35
1727965863391 6.3 36
1727965873431 6.6 37
1727965883473 3.4 38
1727965893515 5.2 39
1727965903595 5.2 40
1727965913677 5.6 41
1727965923721 7.1 42
1727965933762 6.4 43
1727965943803 3.8 44
1727965953843 10.8 45
1727965963998 13.9 46
1727965974037 10.9 47
1727965984289 8.0 48
1727965994702 11.8 49
1727966004807 22.7 50
1727966014859 31.2 51
1727966024908 36.0 52
1727966034973 33.0 53
1727966045014 36.2 54
1727966055060 33.9 55
1727966065104 33.5 56
1727966075149 30.8 57
1727966085191 34.4 58
1727966095234 35.1 59
1727966105279 34.6 60
1727966115321 32.0 61
1727966125365 34.1 62
1727966135412 31.4 63
1727966145456 35.2 64
1727966155500 32.7 65
1727966165544 33.3 66
1727966175589 31.1 67
1727966185633 31.7 68
1727966195678 32.8 69
1727966205721 30.6 70
1727966215810 27.9 71
1727966225854 30.5 72
1727966235899 27.6 73
1727966245940 26.5 74
1727966255984 27.8 75
1727966266027 27.4 76
1727966276113 27.1 77
1727966286168 24.3 78
1727966296228 25.2 79
1727966306272 24.8 80
1727966316314 23.2 81
1727966326359 19.0 82
1727966336402 21.8 83
1727966346447 19.9 84
1727966356504 19.7 85
1727966366562 21.3 86
1727966376607 21.8 87
1727966386650 19.5 88
1727966396693 22.1 89
1727966406787 20.4 90
1727966416831 20.4 91
1727966426876 20.0 92
1727966436922 22.3 93
1727966446968 20.4 94
1727966457011 19.9 95
1727966467055 21.9 96
1727966477100 17.7 97
1727966487145 21.6 98
1727966497198 21.4 99
1727966507255 21.1 100
1727966517299 19.0 101
1727966527351 20.7 102
1727966537415 19.9 103
1727966547461 20.3 104
1727966557505 21.6 105
1727966567552 19.5 106
1727966577806 20.0 107
1727966588113 21.9 108
1727966598158 20.8 109
1727966608245 20.7 110
1727966618334 20.8 111
1727966628379 22.4 112
1727966638424 21.3 113
1727966648523 21.5 114
1727966658574 22.3 115
1727966668622 18.6 116
1727966678668 21.5 117
1727966688714 19.0 118
1727966698760 19.7 119
1727966708804 19.5 120
1727966718884 17.0 121
1727966729402 20.3 122
1727966739452 18.6 123
1727966749504 21.2 124
1727966759576 17.6 125
1727966769624 13.7 126
1727966779674 13.3 127
1727966789722 13.3 128
1727966799769 13.3 129
