1727965501714 213481.4 0
1727965511807 213481.4 1
1727965521846 213481.4 2
1727965531888 213481.4 3
1727965541927 213481.4 4
1727965551966 213481.4 5
1727965562006 213481.4 6
1727965572044 213481.4 7
1727965582117 213481.4 8
1727965592183 213481.4 9
1727965602222 213481.4 10
1727965612283 213481.4 11
1727965622321 213481.4 12
1727965632360 213481.4 13
1727965642398 213481.4 14
1727965652438 213481.4 15
1727965662476 213481.4 16
1727965672515 213481.4 17
1727965682553 213481.4 18
1727965692592 213481.4 19
1727965702631 213481.4 20
1727965712671 213481.4 21
1727965722711 213481.4 22
1727965732779 213481.4 23
1727965742835 213481.4 24
1727965752875 213481.4 25
1727965762925 213481.4 26
1727965772966 213481.4 27
1727965783006 213481.4 28
1727965793086 213481.4 29
1727965803135 213481.4 30
1727965813183 213481.4 31
1727965823228 213481.4 32
1727965833268 213481.4 33
1727965843309 213481.4 34
1727965853350 213481.4 35
1727965863391 213481.4 36
1727965873431 213481.4 37
1727965883473 213481.4 38
1727965893515 213481.4 39
1727965903595 213481.4 40
1727965913677 213481.4 41
1727965923721 213481.4 42
1727965933762 213481.4 43
1727965943803 213481.4 44
1727965953843 213476.9 45
1727965963998 213476.8 46
1727965974037 213476.8 47
1727965984289 213477.2 48
1727965994702 213478.3 49
1727966004807 213478.8 50
1727966014859 213478.8 51
1727966024908 213478.8 52
1727966034973 213478.8 53
1727966045014 213478.8 54
1727966055060 213478.8 55
1727966065104 213478.8 56
1727966075149 213478.8 57
1727966085191 213478.8 58
1727966095234 213478.8 59
1727966105279 213478.8 60
1727966115321 213478.7 61
1727966125365 213478.7 62
1727966135412 213478.7 63
1727966145456 213478.7 64
1727966155500 213478.8 65
1727966165544 213478.8 66
1727966175589 213478.8 67
1727966185633 213478.8 68
1727966195678 213478.8 69
1727966205721 213478.8 70
1727966215810 213478.8 71
1727966225854 213478.8 72
1727966235899 213478.8 73
1727966245940 213478.9 74
1727966255984 213478.9 75
1727966266027 213480.9 76
1727966276113 213481.0 77
1727966286168 213481.0 78
1727966296228 213481.0 79
1727966306272 213480.8 80
1727966316314 213480.9 81
1727966326359 213480.9 82
1727966336402 213480.9 83
1727966346447 213480.9 84
1727966356504 213480.9 85
1727966366562 213480.9 86
1727966376607 213480.9 87
1727966386650 213480.9 88
1727966396693 213480.9 89
1727966406787 213480.9 90
1727966416831 213480.9 91
1727966426876 213480.9 92
1727966436922 213480.9 93
1727966446968 213480.9 94
1727966457011 213480.9 95
1727966467055 213480.9 96
1727966477100 213480.9 97
1727966487145 213480.9 98
1727966497198 213480.9 99
1727966507255 213480.9 100
1727966517299 213480.9 101
1727966527351 213480.9 102
1727966537415 213480.9 103
1727966547461 213480.9 104
1727966557505 213480.9 105
1727966567552 213480.9 106
1727966577806 213480.9 107
1727966588113 213478.8 108
1727966598158 213478.8 109
1727966608245 213478.8 110
1727966618334 213478.8 111
1727966628379 213479.0 112
1727966638424 213479.0 113
1727966648523 213479.0 114
1727966658574 213479.0 115
1727966668622 213479.0 116
1727966678668 213479.0 117
1727966688714 213479.0 118
1727966698760 213479.0 119
1727966708804 213479.0 120
1727966718884 213479.0 121
1727966729402 213479.0 122
1727966739452 213479.0 123
1727966749504 213479.0 124
1727966759576 213479.0 125
1727966769624 213479.0 126
1727966779674 213479.0 127
1727966789722 213479.0 128
1727966799769 213479.0 129
