1727965501714 25338.1 0
1727965511807 25338.1 1
1727965521846 25338.1 2
1727965531888 25338.1 3
1727965541927 25338.1 4
1727965551966 25338.0 5
1727965562006 25338.1 6
1727965572044 25338.1 7
1727965582117 25338.1 8
1727965592183 25338.1 9
1727965602222 25338.1 10
1727965612283 25338.1 11
1727965622321 25338.1 12
1727965632360 25338.1 13
1727965642398 25338.1 14
1727965652438 25338.1 15
1727965662476 25338.1 16
1727965672515 25338.1 17
1727965682553 25338.0 18
1727965692592 25338.0 19
1727965702631 25338.1 20
1727965712671 25338.1 21
1727965722711 25338.0 22
1727965732779 25338.1 23
1727965742835 25338.1 24
1727965752875 25338.1 25
1727965762925 25338.1 26
1727965772966 25338.1 27
1727965783006 25338.1 28
1727965793086 25338.1 29
1727965803135 25338.1 30
1727965813183 25338.1 31
1727965823228 25338.1 32
1727965833268 25338.0 33
1727965843309 25338.1 34
1727965853350 25338.1 35
1727965863391 25338.1 36
1727965873431 25338.1 37
1727965883473 25338.1 38
1727965893515 25338.0 39
1727965903595 25338.0 40
1727965913677 25338.1 41
1727965923721 25338.1 42
1727965933762 25338.1 43
1727965943803 25338.0 44
1727965953843 25342.5 45
1727965963998 25342.7 46
1727965974037 25342.7 47
1727965984289 25342.2 48
1727965994702 25341.1 49
1727966004807 25340.7 50
1727966014859 25340.7 51
1727966024908 25340.7 52
1727966034973 25340.7 53
1727966045014 25340.7 54
1727966055060 25340.7 55
1727966065104 25340.7 56
1727966075149 25340.7 57
1727966085191 25340.7 58
1727966095234 25340.7 59
1727966105279 25340.7 60
1727966115321 25340.7 61
1727966125365 25340.7 62
1727966135412 25340.7 63
1727966145456 25340.7 64
1727966155500 25340.7 65
1727966165544 25340.7 66
1727966175589 25340.7 67
1727966185633 25340.7 68
1727966195678 25340.7 69
1727966205721 25340.7 70
1727966215810 25340.7 71
1727966225854 25340.7 72
1727966235899 25340.6 73
1727966245940 25340.6 74
1727966255984 25340.6 75
1727966266027 25338.5 76
1727966276113 25338.5 77
1727966286168 25338.5 78
1727966296228 25338.5 79
1727966306272 25338.6 80
1727966316314 25338.6 81
1727966326359 25338.6 82
1727966336402 25338.6 83
1727966346447 25338.6 84
1727966356504 25338.6 85
1727966366562 25338.6 86
1727966376607 25338.6 87
1727966386650 25338.5 88
1727966396693 25338.6 89
1727966406787 25338.6 90
1727966416831 25338.6 91
1727966426876 25338.5 92
1727966436922 25338.5 93
1727966446968 25338.5 94
1727966457011 25338.5 95
1727966467055 25338.5 96
1727966477100 25338.5 97
1727966487145 25338.5 98
1727966497198 25338.5 99
1727966507255 25338.5 100
1727966517299 25338.5 101
1727966527351 25338.5 102
1727966537415 25338.5 103
1727966547461 25338.5 104
1727966557505 25338.5 105
1727966567552 25338.5 106
1727966577806 25338.5 107
1727966588113 25340.7 108
1727966598158 25340.7 109
1727966608245 25340.7 110
1727966618334 25340.7 111
1727966628379 25340.5 112
1727966638424 25340.5 113
1727966648523 25340.5 114
1727966658574 25340.5 115
1727966668622 25340.5 116
1727966678668 25340.5 117
1727966688714 25340.5 118
1727966698760 25340.5 119
1727966708804 25340.5 120
1727966718884 25340.5 121
1727966729402 25340.5 122
1727966739452 25340.5 123
1727966749504 25340.5 124
1727966759576 25340.5 125
1727966769624 25340.5 126
1727966779674 25340.5 127
1727966789722 25340.5 128
1727966799769 25340.5 129
