1727965501714 10.6 0
1727965511807 10.6 1
1727965521846 10.6 2
1727965531888 10.6 3
1727965541927 10.6 4
1727965551966 10.6 5
1727965562006 10.6 6
1727965572044 10.6 7
1727965582117 10.6 8
1727965592183 10.6 9
1727965602222 10.6 10
1727965612283 10.6 11
1727965622321 10.6 12
1727965632360 10.6 13
1727965642398 10.6 14
1727965652438 10.6 15
1727965662476 10.6 16
1727965672515 10.6 17
1727965682553 10.6 18
1727965692592 10.6 19
1727965702631 10.6 20
1727965712671 10.6 21
1727965722711 10.6 22
1727965732779 10.6 23
1727965742835 10.6 24
1727965752875 10.6 25
1727965762925 10.6 26
1727965772966 10.6 27
1727965783006 10.6 28
1727965793086 10.6 29
1727965803135 10.6 30
1727965813183 10.6 31
1727965823228 10.6 32
1727965833268 10.6 33
1727965843309 10.6 34
1727965853350 10.6 35
1727965863391 10.6 36
1727965873431 10.6 37
1727965883473 10.6 38
1727965893515 10.6 39
1727965903595 10.6 40
1727965913677 10.6 41
1727965923721 10.6 42
1727965933762 10.6 43
1727965943803 10.6 44
1727965953843 10.6 45
1727965963998 10.6 46
1727965974037 10.6 47
1727965984289 10.6 48
1727965994702 10.6 49
1727966004807 10.6 50
1727966014859 10.6 51
1727966024908 10.6 52
1727966034973 10.6 53
1727966045014 10.6 54
1727966055060 10.6 55
1727966065104 10.6 56
1727966075149 10.6 57
1727966085191 10.6 58
1727966095234 10.6 59
1727966105279 10.6 60
1727966115321 10.6 61
1727966125365 10.6 62
1727966135412 10.6 63
1727966145456 10.6 64
1727966155500 10.6 65
1727966165544 10.6 66
1727966175589 10.6 67
1727966185633 10.6 68
1727966195678 10.6 69
1727966205721 10.6 70
1727966215810 10.6 71
1727966225854 10.6 72
1727966235899 10.6 73
1727966245940 10.6 74
1727966255984 10.6 75
1727966266027 10.6 76
1727966276113 10.6 77
1727966286168 10.6 78
1727966296228 10.6 79
1727966306272 10.6 80
1727966316314 10.6 81
1727966326359 10.6 82
1727966336402 10.6 83
1727966346447 10.6 84
1727966356504 10.6 85
1727966366562 10.6 86
1727966376607 10.6 87
1727966386650 10.6 88
1727966396693 10.6 89
1727966406787 10.6 90
1727966416831 10.6 91
1727966426876 10.6 92
1727966436922 10.6 93
1727966446968 10.6 94
1727966457011 10.6 95
1727966467055 10.6 96
1727966477100 10.6 97
1727966487145 10.6 98
1727966497198 10.6 99
1727966507255 10.6 100
1727966517299 10.6 101
1727966527351 10.6 102
1727966537415 10.6 103
1727966547461 10.6 104
1727966557505 10.6 105
1727966567552 10.6 106
1727966577806 10.6 107
1727966588113 10.6 108
1727966598158 10.6 109
1727966608245 10.6 110
1727966618334 10.6 111
1727966628379 10.6 112
1727966638424 10.6 113
1727966648523 10.6 114
1727966658574 10.6 115
1727966668622 10.6 116
1727966678668 10.6 117
1727966688714 10.6 118
1727966698760 10.6 119
1727966708804 10.6 120
1727966718884 10.6 121
1727966729402 10.6 122
1727966739452 10.6 123
1727966749504 10.6 124
1727966759576 10.6 125
1727966769624 10.6 126
1727966779674 10.6 127
1727966789722 10.6 128
1727966799769 10.6 129
