1727965501714 0.005057990550994873 0
1727965511807 2.1363129913806915 1
1727965521846 2.61489400267601 2
1727965531888 2.935685008764267 3
1727965541927 4.230405002832413 4
1727965551966 5.662800997495651 5
1727965562006 6.475720018148422 6
1727965572044 7.354670017957687 7
1727965582117 8.454546004533768 8
1727965592183 8.909328997135162 9
1727965602222 9.93265900015831 10
1727965612283 11.056836992502213 11
1727965622321 12.21754401922226 12
1727965632360 12.603491991758347 13
1727965642398 13.753677994012833 14
1727965652438 15.117554008960724 15
1727965662476 16.271950006484985 16
1727965672515 17.465227991342545 17
1727965682553 18.49619099497795 18
1727965692592 19.363857001066208 19
1727965702631 20.25908201932907 20
1727965712671 21.593369007110596 21
1727965722711 22.8783920109272 22
1727965732779 24.135122001171112 23
1727965742835 25.120534002780914 24
1727965752875 26.549188017845154 25
1727965762925 27.78914800286293 26
1727965772966 28.751897990703583 27
1727965783006 29.835740000009537 28
1727965793086 31.108253002166748 29
1727965803135 32.379952013492584 30
1727965813183 33.25289699435234 31
1727965823228 34.36885201931 32
1727965833268 35.63478299975395 33
1727965843309 36.82355001568794 34
1727965853350 38.22942700982094 35
1727965863391 39.42689600586891 36
1727965873431 40.73562899231911 37
1727965883473 41.129972010850906 38
1727965893515 42.40014401078224 39
1727965903595 43.54367399215698 40
1727965913677 44.52583399415016 41
1727965923721 45.69053301215172 42
1727965933762 46.91964501142502 43
1727965943803 47.43911799788475 44
1727965953843 51.220239013433456 45
1727965963998 138.77748101949692 46
1727965974037 145.60363301634789 47
1727965984289 151.6333990097046 48
1727965994702 180.16047099232674 49
1727966004807 212.08082401752472 50
1727966014859 224.19096699357033 51
1727966024908 225.85811299085617 52
1727966034973 229.35822501778603 53
1727966045014 231.38079100847244 54
1727966055060 233.61748000979424 55
1727966065104 234.79126000404358 56
1727966075149 235.59342801570892 57
1727966085191 237.4746049940586 58
1727966095234 239.1541410088539 59
1727966105279 240.99573600292206 60
1727966115321 242.02869600057602 61
1727966125365 243.5506030023098 62
1727966135412 245.01258501410484 63
1727966145456 247.09488400816917 64
1727966155500 248.95991000533104 65
1727966165544 250.83344399929047 66
1727966175589 252.9492779970169 67
1727966185633 255.1434450149536 68
1727966195678 258.79731899499893 69
1727966205721 261.5026890039444 70
1727966215810 263.6716580092907 71
1727966225854 265.9557439982891 72
1727966235899 268.1064470112324 73
1727966245940 269.3503270149231 74
1727966255984 271.224987000227 75
1727966266027 273.52215099334717 76
1727966276113 275.8850049972534 77
1727966286168 278.251464009285 78
1727966296228 280.8877190053463 79
1727966306272 283.4040160179138 80
1727966316314 285.9401580095291 81
1727966326359 287.14260399341583 82
1727966336402 288.8758180141449 83
1727966346447 290.3288010060787 84
1727966356504 292.0742720067501 85
1727966366562 293.6651160120964 86
1727966376607 295.2186599969864 87
1727966386650 296.5728130042553 88
1727966396693 298.38917899131775 89
1727966406787 299.7516309916973 90
1727966416831 301.4385090172291 91
1727966426876 302.61587899923325 92
1727966436922 304.2553780078888 93
1727966446968 305.73551201820374 94
1727966457011 307.18748900294304 95
1727966467055 308.97121900320053 96
1727966477100 310.10221299529076 97
1727966487145 311.73438599705696 98
1727966497198 313.2301509976387 99
1727966507255 314.8382270038128 100
1727966517299 316.01928901672363 101
1727966527351 317.39348900318146 102
1727966537415 318.74142199754715 103
1727966547461 320.20673099160194 104
1727966557505 321.9471040070057 105
1727966567552 323.2100870013237 106
1727966577806 324.861064016819 107
1727966588113 326.6920460164547 108
1727966598158 328.49912801384926 109
1727966608245 330.221529006958 110
1727966618334 331.9020999968052 111
1727966628379 333.421305000782 112
1727966638424 335.50477200746536 113
1727966648523 337.40021401643753 114
1727966658574 339.3465500175953 115
1727966668622 340.76098799705505 116
1727966678668 343.02066200971603 117
1727966688714 343.9387650191784 118
1727966698760 345.5712490081787 119
1727966708804 347.14301201701164 120
1727966718884 348.259202003479 121
1727966729402 349.8793140053749 122
1727966739452 351.18949699401855 123
1727966749504 352.8227530121803 124
1727966759576 354.8697740137577 125
1727966769624 363.3687510192394 126
1727966779674 363.65045699477196 127
1727966789722 364.074205994606 128
1727966799769 364.39774799346924 129
