1727965501714 0.003457993268966675 0
1727965511807 2.514405995607376 1
1727965521846 3.0628349781036377 2
1727965531888 3.4218460023403168 3
1727965541927 4.727372974157333 4
1727965551966 6.082782983779907 5
1727965562006 6.882577002048492 6
1727965572044 7.763693988323212 7
1727965582117 8.83059698343277 8
1727965592183 9.26539197564125 9
1727965602222 10.227398991584778 10
1727965612283 11.315702974796295 11
1727965622321 12.40489599108696 12
1727965632360 12.81887897849083 13
1727965642398 13.958518981933594 14
1727965652438 15.24260500073433 15
1727965662476 16.345776975154877 16
1727965672515 17.450367987155914 17
1727965682553 18.415802001953125 18
1727965692592 19.256242990493774 19
1727965702631 20.10242199897766 20
1727965712671 21.235082000494003 21
1727965722711 22.42273399233818 22
1727965732779 23.574336975812912 23
1727965742835 24.490044981241226 24
1727965752875 25.802793979644775 25
1727965762925 27.011564999818802 26
1727965772966 27.897281974554062 27
1727965783006 28.837928980588913 28
1727965793086 30.056079000234604 29
1727965803135 31.191030979156494 30
1727965813183 31.9949010014534 31
1727965823228 33.05458399653435 32
1727965833268 34.16306099295616 33
1727965843309 35.25366199016571 34
1727965853350 36.50805699825287 35
1727965863391 37.561691999435425 36
1727965873431 38.69916197657585 37
1727965883473 39.01002100110054 38
1727965893515 40.32989299297333 39
1727965903595 41.287676990032196 40
1727965913677 42.11549699306488 41
1727965923721 43.208787977695465 42
1727965933762 44.27037099003792 43
1727965943803 44.70865899324417 44
1727965953843 70.62036699056625 45
1727965963998 193.347403973341 46
1727965974037 232.27186799049377 47
1727965984289 254.63853499293327 48
1727965994702 11283.52417498827 49
1727966004807 26477.869854986668 50
1727966014859 32175.85154798627 51
1727966024908 32177.24134299159 52
1727966034973 32189.335557997227 53
1727966045014 32191.492903977633 54
1727966055060 32193.970848977566 55
1727966065104 32195.38099297881 56
1727966075149 32196.157260984182 57
1727966085191 32197.53973597288 58
1727966095234 32198.947883993387 59
1727966105279 32309.195867985487 60
1727966115321 32311.32629197836 61
1727966125365 32312.404155999422 62
1727966135412 32313.590985000134 63
1727966145456 32423.841650992632 64
1727966155500 32533.537835001945 65
1727966165544 32534.848729997873 66
1727966175589 32538.0220669806 67
1727966185633 32651.06565797329 68
1727966195678 32765.596784979105 69
1727966205721 32876.65893998742 70
1727966215810 33095.914507985115 71
1727966225854 33207.41319400072 72
1727966235899 33317.341604977846 73
1727966245940 33318.376738995314 74
1727966255984 33319.586905002594 75
1727966266027 33429.96298098564 76
1727966276113 33540.118105977774 77
1727966286168 33650.26350599527 78
1727966296228 33760.79930597544 79
1727966306272 33980.201902002096 80
1727966316314 34090.69263899326 81
1727966326359 34091.65167698264 82
1727966336402 34092.96369698644 83
1727966346447 34202.9554489851 84
1727966356504 34204.6253849864 85
1727966366562 34205.98050299287 86
1727966376607 34207.1477240026 87
1727966386650 34208.34418898821 88
1727966396693 34209.81694999337 89
1727966406787 34210.83797299862 90
1727966416831 34212.18316197395 91
1727966426876 34213.01545497775 92
1727966436922 34214.350165992975 93
1727966446968 34215.45143797994 94
1727966457011 34216.74735099077 95
1727966467055 34218.13285198808 96
1727966477100 34218.926593989134 97
1727966487145 34220.15119999647 98
1727966497198 34221.3914629817 99
1727966507255 34222.575792998075 100
1727966517299 34223.58676198125 101
1727966527351 34224.79221498966 102
1727966537415 34225.92843699455 103
1727966547461 34226.96921700239 104
1727966557505 34228.232118994 105
1727966567552 34229.08973997831 106
1727966577806 34230.34750699997 107
1727966588113 34232.582684993744 108
1727966598158 34233.98516598344 109
1727966608245 34235.111806988716 110
1727966618334 34236.35985299945 111
1727966628379 34237.64942598343 112
1727966638424 34239.18407699466 113
1727966648523 34240.60391098261 114
1727966658574 34242.06868299842 115
1727966668622 34352.00060197711 116
1727966678668 34353.426636993885 117
1727966688714 34354.321018993855 118
1727966698760 34355.42689597607 119
1727966708804 34356.79657498002 120
1727966718884 34357.35189598799 121
1727966729402 34358.748168975115 122
1727966739452 34359.49158999324 123
1727966749504 34360.834211975336 124
1727966759576 34630.71007499099 125
1727966769624 34652.054944992065 126
1727966779674 34669.21270698309 127
1727966789722 34686.51438400149 128
1727966799769 34703.66958999634 129
