1727965501714 8593.0 0
1727965511807 10078.7 1
1727965521846 11130.9 2
1727965531888 11757.0 3
1727965541927 11869.8 4
1727965551966 11811.6 5
1727965562006 11916.4 6
1727965572044 11808.2 7
1727965582117 11812.8 8
1727965592183 11819.0 9
1727965602222 11820.9 10
1727965612283 11823.9 11
1727965622321 11828.0 12
1727965632360 11895.7 13
1727965642398 11830.3 14
1727965652438 11889.3 15
1727965662476 11837.9 16
1727965672515 11839.3 17
1727965682553 11921.7 18
1727965692592 11915.8 19
1727965702631 11851.0 20
1727965712671 11854.2 21
1727965722711 11928.8 22
1727965732779 11972.6 23
1727965742835 11857.5 24
1727965752875 11901.3 25
1727965762925 11974.3 26
1727965772966 11860.1 27
1727965783006 11865.9 28
1727965793086 11865.9 29
1727965803135 11863.7 30
1727965813183 11862.8 31
1727965823228 11862.2 32
1727965833268 11873.7 33
1727965843309 11861.0 34
1727965853350 11858.4 35
1727965863391 11971.0 36
1727965873431 11889.8 37
1727965883473 11865.4 38
1727965893515 11891.0 39
1727965903595 11887.2 40
1727965913677 11873.1 41
1727965923721 11879.0 42
1727965933762 11979.3 43
1727965943803 11900.3 44
1727965953843 12446.8 45
1727965963998 13769.8 46
1727965974037 14954.3 47
1727965984289 15534.6 48
1727965994702 18023.4 49
1727966004807 20388.9 50
1727966014859 23461.4 51
1727966024908 24905.6 52
1727966034973 25909.2 53
1727966045014 26642.6 54
1727966055060 29085.9 55
1727966065104 29673.6 56
1727966075149 29874.7 57
1727966085191 30717.6 58
1727966095234 30395.1 59
1727966105279 32307.1 60
1727966115321 32976.5 61
1727966125365 32557.7 62
1727966135412 33006.6 63
1727966145456 33684.3 64
1727966155500 33056.3 65
1727966165544 34861.4 66
1727966175589 35121.0 67
1727966185633 34815.9 68
1727966195678 34652.3 69
1727966205721 33727.3 70
1727966215810 33370.6 71
1727966225854 33121.0 72
1727966235899 32464.8 73
1727966245940 32352.2 74
1727966255984 32294.2 75
1727966266027 33214.7 76
1727966276113 36845.2 77
1727966286168 37943.9 78
1727966296228 36831.8 79
1727966306272 39078.5 80
1727966316314 36763.7 81
1727966326359 36224.9 82
1727966336402 34363.5 83
1727966346447 35140.2 84
1727966356504 35639.9 85
1727966366562 34064.8 86
1727966376607 35151.4 87
1727966386650 36274.5 88
1727966396693 39236.8 89
1727966406787 35400.7 90
1727966416831 35756.1 91
1727966426876 35333.3 92
1727966436922 36381.4 93
1727966446968 37096.8 94
1727966457011 33104.8 95
1727966467055 33842.3 96
1727966477100 38469.1 97
1727966487145 38639.6 98
1727966497198 35376.1 99
1727966507255 35246.0 100
1727966517299 35183.1 101
1727966527351 36669.9 102
1727966537415 36365.3 103
1727966547461 34561.3 104
1727966557505 34299.0 105
1727966567552 37691.4 106
1727966577806 36139.9 107
1727966588113 38472.2 108
1727966598158 37910.9 109
1727966608245 37062.3 110
1727966618334 34301.8 111
1727966628379 34424.0 112
1727966638424 36159.5 113
1727966648523 32985.7 114
1727966658574 33210.7 115
1727966668622 36311.3 116
1727966678668 36868.1 117
1727966688714 38334.3 118
1727966698760 38358.6 119
1727966708804 33944.3 120
1727966718884 33947.7 121
1727966729402 32507.6 122
1727966739452 33167.7 123
1727966749504 35076.7 124
1727966759576 32379.4 125
1727966769624 35268.7 126
1727966779674 39071.6 127
1727966789722 38632.4 128
1727966799769 36383.8 129
