1727965501714 1.6 0
1727965511807 1.9 1
1727965521846 2.1 2
1727965531888 2.2 3
1727965541927 2.2 4
1727965551966 2.2 5
1727965562006 2.2 6
1727965572044 2.2 7
1727965582117 2.2 8
1727965592183 2.2 9
1727965602222 2.2 10
1727965612283 2.2 11
1727965622321 2.2 12
1727965632360 2.2 13
1727965642398 2.2 14
1727965652438 2.2 15
1727965662476 2.2 16
1727965672515 2.2 17
1727965682553 2.2 18
1727965692592 2.2 19
1727965702631 2.2 20
1727965712671 2.2 21
1727965722711 2.2 22
1727965732779 2.2 23
1727965742835 2.2 24
1727965752875 2.2 25
1727965762925 2.2 26
1727965772966 2.2 27
1727965783006 2.2 28
1727965793086 2.2 29
1727965803135 2.2 30
1727965813183 2.2 31
1727965823228 2.2 32
1727965833268 2.2 33
1727965843309 2.2 34
1727965853350 2.2 35
1727965863391 2.2 36
1727965873431 2.2 37
1727965883473 2.2 38
1727965893515 2.2 39
1727965903595 2.2 40
1727965913677 2.2 41
1727965923721 2.2 42
1727965933762 2.2 43
1727965943803 2.2 44
1727965953843 2.3 45
1727965963998 2.5 46
1727965974037 2.8 47
1727965984289 2.9 48
1727965994702 3.3 49
1727966004807 3.8 50
1727966014859 4.3 51
1727966024908 4.6 52
1727966034973 4.8 53
1727966045014 4.9 54
1727966055060 5.4 55
1727966065104 5.5 56
1727966075149 5.5 57
1727966085191 5.7 58
1727966095234 5.6 59
1727966105279 6.0 60
1727966115321 6.1 61
1727966125365 6.0 62
1727966135412 6.1 63
1727966145456 6.2 64
1727966155500 6.1 65
1727966165544 6.5 66
1727966175589 6.5 67
1727966185633 6.4 68
1727966195678 6.4 69
1727966205721 6.2 70
1727966215810 6.2 71
1727966225854 6.1 72
1727966235899 6.0 73
1727966245940 6.0 74
1727966255984 6.0 75
1727966266027 6.2 76
1727966276113 6.8 77
1727966286168 7.0 78
1727966296228 6.8 79
1727966306272 7.2 80
1727966316314 6.8 81
1727966326359 6.7 82
1727966336402 6.4 83
1727966346447 6.5 84
1727966356504 6.6 85
1727966366562 6.3 86
1727966376607 6.5 87
1727966386650 6.7 88
1727966396693 7.3 89
1727966406787 6.6 90
1727966416831 6.6 91
1727966426876 6.5 92
1727966436922 6.7 93
1727966446968 6.9 94
1727966457011 6.1 95
1727966467055 6.3 96
1727966477100 7.1 97
1727966487145 7.2 98
1727966497198 6.6 99
1727966507255 6.5 100
1727966517299 6.5 101
1727966527351 6.8 102
1727966537415 6.7 103
1727966547461 6.4 104
1727966557505 6.4 105
1727966567552 7.0 106
1727966577806 6.7 107
1727966588113 7.1 108
1727966598158 7.0 109
1727966608245 6.9 110
1727966618334 6.4 111
1727966628379 6.4 112
1727966638424 6.7 113
1727966648523 6.1 114
1727966658574 6.1 115
1727966668622 6.7 116
1727966678668 6.8 117
1727966688714 7.1 118
1727966698760 7.1 119
1727966708804 6.3 120
1727966718884 6.3 121
1727966729402 6.0 122
1727966739452 6.1 123
1727966749504 6.5 124
1727966759576 6.0 125
1727966769624 6.5 126
1727966779674 7.2 127
1727966789722 7.2 128
1727966799769 6.7 129
