1727617256137 39.8 0
1727617266258 40.1 1
1727617276302 24.7 2
1727617286353 15.0 3
1727617296404 10.4 4
1727617306451 30.0 5
1727617316510 11.1 6
1727617326588 39.3 7
1727617336658 28.4 8
1727617346783 18.2 9
1727617356887 87.7 10
1727617366936 29.4 11
1727617376981 9.1 12
1727617387033 12.5 13
1727617397098 15.7 14
1727617407166 9.2 15
1727617417265 35.4 16
1727617427322 14.8 17
1727617437372 9.3 18
1727617447433 12.6 19
1727617457503 34.0 20
1727617467563 54.0 21
1727617477621 46.0 22
1727617487671 37.7 23
1727617497715 48.5 24
1727617507821 17.7 25
1727617517968 28.0 26
1727617528035 50.5 27
1727617538082 19.5 28
1727617548136 12.5 29
1727617558197 18.1 30
1727617568296 17.7 31
1727617578457 34.9 32
1727617588553 35.6 33
1727617598620 32.3 34
1727617608665 58.4 35
