1727617256137 82.1 0
1727617266258 82.1 1
1727617276302 82.1 2
1727617286353 82.1 3
1727617296404 82.1 4
1727617306451 82.1 5
1727617316510 82.1 6
1727617326588 82.1 7
1727617336658 82.1 8
1727617346783 82.1 9
1727617356887 82.1 10
1727617366936 82.1 11
1727617376981 82.1 12
1727617387033 82.1 13
1727617397098 82.1 14
1727617407166 82.1 15
1727617417265 82.1 16
1727617427322 82.1 17
1727617437372 82.1 18
1727617447433 82.1 19
1727617457503 82.1 20
1727617467563 82.1 21
1727617477621 82.1 22
1727617487671 82.1 23
1727617497715 82.1 24
1727617507821 82.1 25
1727617517968 82.1 26
1727617528035 82.1 27
1727617538082 82.1 28
1727617548136 82.1 29
1727617558197 82.1 30
1727617568296 82.1 31
1727617578457 82.1 32
1727617588553 82.1 33
1727617598620 82.1 34
1727617608665 82.1 35
