1727617256137 91398.2 0
1727617266258 91397.4 1
1727617276302 91397.3 2
1727617286353 91395.7 3
1727617296404 91398.7 4
1727617306451 91398.5 5
1727617316510 91397.9 6
1727617326588 91397.9 7
1727617336658 91397.9 8
1727617346783 91397.7 9
1727617356887 91389.8 10
1727617366936 91394.3 11
1727617376981 91394.3 12
1727617387033 91394.3 13
1727617397098 91393.8 14
1727617407166 91393.8 15
1727617417265 91393.7 16
1727617427322 91393.6 17
1727617437372 91393.5 18
1727617447433 91393.5 19
1727617457503 91393.4 20
1727617467563 91393.3 21
1727617477621 91393.3 22
1727617487671 91393.5 23
1727617497715 91393.2 24
1727617507821 91393.2 25
1727617517968 91393.0 26
1727617528035 91392.6 27
1727617538082 91390.8 28
1727617548136 91390.8 29
1727617558197 91390.8 30
1727617568296 91390.7 31
1727617578457 91391.0 32
1727617588553 91390.8 33
1727617598620 91387.0 34
1727617608665 91387.0 35
