1727617256137 419738.9 0
1727617266258 419739.7 1
1727617276302 419739.8 2
1727617286353 419741.4 3
1727617296404 419738.4 4
1727617306451 419738.5 5
1727617316510 419739.2 6
1727617326588 419739.1 7
1727617336658 419739.2 8
1727617346783 419739.3 9
1727617356887 419747.3 10
1727617366936 419742.7 11
1727617376981 419742.7 12
1727617387033 419742.7 13
1727617397098 419743.3 14
1727617407166 419743.3 15
1727617417265 419743.4 16
1727617427322 419743.5 17
1727617437372 419743.6 18
1727617447433 419743.6 19
1727617457503 419743.7 20
1727617467563 419743.8 21
1727617477621 419743.8 22
1727617487671 419743.6 23
1727617497715 419743.8 24
1727617507821 419743.9 25
1727617517968 419744.1 26
1727617528035 419744.5 27
1727617538082 419746.3 28
1727617548136 419746.3 29
1727617558197 419746.3 30
1727617568296 419746.4 31
1727617578457 419746.1 32
1727617588553 419746.3 33
1727617598620 419750.1 34
1727617608665 419750.1 35
