1727617256137 280.8 0
1727617266258 248.9 1
1727617276302 224.0 2
1727617286353 228.6 3
1727617296404 219.7 4
1727617306451 218.1 5
1727617316510 223.0 6
1727617326588 237.9 7
1727617336658 204.9 8
1727617346783 233.8 9
1727617356887 232.6 10
1727617366936 212.9 11
1727617376981 211.4 12
1727617387033 211.4 13
1727617397098 260.3 14
1727617407166 235.3 15
1727617417265 239.7 16
1727617427322 226.4 17
1727617437372 207.9 18
1727617447433 295.5 19
1727617457503 272.1 20
1727617467563 327.6 21
1727617477621 281.9 22
1727617487671 267.9 23
1727617497715 265.1 24
1727617507821 240.3 25
1727617517968 279.8 26
1727617528035 288.5 27
1727617538082 276.3 28
1727617548136 251.1 29
1727617558197 256.4 30
1727617568296 279.2 31
1727617578457 250.0 32
1727617588553 258.4 33
1727617598620 276.1 34
1727617608665 272.4 35
