1727617256137 13.1 0
1727617266258 11.6 1
1727617276302 10.4 2
1727617286353 10.6 3
1727617296404 10.2 4
1727617306451 10.2 5
1727617316510 10.4 6
1727617326588 11.1 7
1727617336658 9.5 8
1727617346783 10.9 9
1727617356887 10.8 10
1727617366936 9.9 11
1727617376981 9.8 12
1727617387033 9.8 13
1727617397098 12.1 14
1727617407166 11.0 15
1727617417265 11.2 16
1727617427322 10.5 17
1727617437372 9.7 18
1727617447433 13.8 19
1727617457503 12.7 20
1727617467563 15.3 21
1727617477621 13.1 22
1727617487671 12.5 23
1727617497715 12.3 24
1727617507821 11.2 25
1727617517968 13.0 26
1727617528035 13.4 27
1727617538082 12.9 28
1727617548136 11.7 29
1727617558197 11.9 30
1727617568296 13.0 31
1727617578457 11.6 32
1727617588553 12.0 33
1727617598620 12.9 34
1727617608665 12.7 35
