1727617256137 32.0 0
1727617266258 19.0 1
1727617276302 10.0 2
1727617286353 6.0 3
1727617296404 30.0 4
1727617306451 8.0 5
1727617316510 6.0 6
1727617326588 26.0 7
1727617336658 12.0 8
1727617346783 21.0 9
1727617356887 31.0 10
1727617366936 0.0 11
1727617376981 0.0 12
1727617387033 0.0 13
1727617397098 11.0 14
1727617407166 18.0 15
1727617417265 0.0 16
1727617427322 0.0 17
1727617437372 16.0 18
1727617447433 15.0 19
1727617457503 4.0 20
1727617467563 9.0 21
1727617477621 5.0 22
1727617487671 8.0 23
1727617497715 9.0 24
1727617507821 6.0 25
1727617517968 16.0 26
1727617528035 6.0 27
1727617538082 0.0 28
1727617548136 0.0 29
1727617558197 10.0 30
1727617568296 10.0 31
1727617578457 5.0 32
1727617588553 8.0 33
1727617598620 5.0 34
1727617608665 13.0 35
