1727617256137 0.0 0
1727617266258 0.04774600000001783 1
1727617276302 0.08857499999999163 2
1727617286353 0.316978000000006 3
1727617296404 0.5528759999999693 4
1727617306451 1.905038999999988 5
1727617316510 2.2056569999999738 6
1727617326588 3.468900000000019 7
1727617336658 3.5660879999999793 8
1727617346783 3.6228639999999928 9
1727617356887 4.079011999999977 10
1727617366936 4.103418999999974 11
1727617376981 4.119979999999998 12
1727617387033 4.1349460000000136 13
1727617397098 4.15713199999999 14
1727617407166 4.19009699999998 15
1727617417265 4.291628000000003 16
1727617427322 4.30321600000002 17
1727617437372 4.3189310000000205 18
1727617447433 4.376311999999984 19
1727617457503 4.435865999999976 20
1727617467563 4.554930000000013 21
1727617477621 4.785256000000004 22
1727617487671 5.034649000000002 23
1727617497715 5.171331000000009 24
1727617507821 5.3847430000000145 25
1727617517968 5.510714000000007 26
1727617528035 5.70066300000002 27
1727617538082 5.740070000000003 28
1727617548136 5.758376999999996 29
1727617558197 5.773060999999984 30
1727617568296 5.813406999999984 31
1727617578457 6.028656000000012 32
1727617588553 6.185201000000006 33
1727617598620 6.20322699999997 34
1727617608665 6.323268999999982 35
