1727617256137 0.0 0
1727617266258 0.3249279999999999 1
1727617276302 1.3118500000000495 2
1727617286353 1.645699000000036 3
1727617296404 1.9561910000001035 4
1727617306451 2.206527000000051 5
1727617316510 2.4122030000000905 6
1727617326588 2.797025000000076 7
1727617336658 3.046412000000032 8
1727617346783 5.3507920000000695 9
1727617356887 10.560373000000027 10
1727617366936 10.768191999999999 11
1727617376981 10.962842000000023 12
1727617387033 11.166594000000032 13
1727617397098 11.39370800000006 14
1727617407166 11.605756000000042 15
1727617417265 11.91974700000003 16
1727617427322 12.130935000000022 17
1727617437372 12.330212000000074 18
1727617447433 12.653068000000076 19
1727617457503 13.742215000000101 20
1727617467563 14.260686000000078 21
1727617477621 15.49948100000006 22
1727617487671 17.490224000000012 23
1727617497715 18.024451999999997 24
1727617507821 18.344047000000046 25
1727617517968 18.949928 26
1727617528035 20.212600000000066 27
1727617538082 20.737387000000012 28
1727617548136 20.9878030000001 29
1727617558197 21.227767000000085 30
1727617568296 21.528237000000104 31
1727617578457 22.729785000000106 32
1727617588553 23.96083500000009 33
1727617598620 24.319298000000003 34
1727617608665 25.60638000000006 35
