1727617256137 10494.3 0
1727617266258 10600.0 1
1727617276302 10637.1 2
1727617286353 10615.0 3
1727617296404 10466.6 4
1727617306451 10391.5 5
1727617316510 10378.8 6
1727617326588 10609.6 7
1727617336658 10516.4 8
1727617346783 10572.0 9
1727617356887 11025.7 10
1727617366936 10946.0 11
1727617376981 10917.4 12
1727617387033 11113.9 13
1727617397098 11009.3 14
1727617407166 11016.6 15
1727617417265 10871.8 16
1727617427322 10592.9 17
1727617437372 10462.3 18
1727617447433 10416.4 19
1727617457503 10483.8 20
1727617467563 10460.9 21
1727617477621 10458.9 22
1727617487671 10439.5 23
1727617497715 10311.6 24
1727617507821 10290.2 25
1727617517968 10310.4 26
1727617528035 10445.4 27
1727617538082 10449.4 28
1727617548136 9852.1 29
1727617558197 9558.1 30
1727617568296 9561.5 31
1727617578457 9591.4 32
1727617588553 9675.8 33
1727617598620 9752.6 34
1727617608665 9808.6 35
