1727617256137 61.8 0
1727617266258 62.4 1
1727617276302 62.6 2
1727617286353 62.5 3
1727617296404 61.6 4
1727617306451 61.2 5
1727617316510 61.1 6
1727617326588 62.5 7
1727617336658 61.9 8
1727617346783 62.2 9
1727617356887 64.9 10
1727617366936 64.4 11
1727617376981 64.3 12
1727617387033 65.4 13
1727617397098 64.8 14
1727617407166 64.9 15
1727617417265 64.0 16
1727617427322 62.4 17
1727617437372 61.6 18
1727617447433 61.3 19
1727617457503 61.7 20
1727617467563 61.6 21
1727617477621 61.6 22
1727617487671 61.5 23
1727617497715 60.7 24
1727617507821 60.6 25
1727617517968 60.7 26
1727617528035 61.5 27
1727617538082 61.5 28
1727617548136 58.0 29
1727617558197 56.3 30
1727617568296 56.3 31
1727617578457 56.5 32
1727617588553 57.0 33
1727617598620 57.4 34
1727617608665 57.7 35
