1727616892604 18.7 0
1727616902732 99.3 1
1727616912945 60.7 2
1727616923038 41.8 3
1727616933137 39.6 4
1727616943239 44.7 5
1727616953381 55.4 6
1727616963477 45.9 7
1727616973580 44.0 8
1727616983675 39.0 9
1727616993761 32.1 10
1727617003867 35.6 11
1727617013976 45.2 12
1727617024177 46.9 13
1727617034299 33.9 14
1727617044397 29.7 15
1727617054491 29.1 16
1727617064581 31.9 17
1727617074657 36.7 18
1727617084747 52.4 19
1727617094919 36.9 20
1727617105067 41.3 21
1727617115163 35.4 22
1727617125281 34.5 23
1727617135407 37.3 24
1727617145488 39.3 25
1727617155646 37.1 26
1727617165756 34.6 27
1727617175849 57.6 28
1727617185920 32.1 29
1727617196045 26.8 30
1727617206137 28.6 31
1727617216232 36.2 32
