1727616892604 91404.7 0
1727616902732 91404.6 1
1727616912945 91405.0 2
1727616923038 91405.0 3
1727616933137 91405.0 4
1727616943239 91405.0 5
1727616953381 91404.7 6
1727616963477 91405.4 7
1727616973580 91405.4 8
1727616983675 91405.2 9
1727616993761 91402.8 10
1727617003867 91402.2 11
1727617013976 91406.0 12
1727617024177 91405.9 13
1727617034299 91406.0 14
1727617044397 91406.0 15
1727617054491 91406.0 16
1727617064581 91406.0 17
1727617074657 91406.0 18
1727617084747 91404.7 19
1727617094919 91404.7 20
1727617105067 91404.5 21
1727617115163 91404.5 22
1727617125281 91404.5 23
1727617135407 91403.2 24
1727617145488 91403.0 25
1727617155646 91402.5 26
1727617165756 91402.5 27
1727617175849 91402.4 28
1727617185920 91402.4 29
1727617196045 91402.1 30
1727617206137 91402.1 31
1727617216232 91401.9 32
