1727616892604 82.1 0
1727616902732 82.1 1
1727616912945 82.1 2
1727616923038 82.1 3
1727616933137 82.1 4
1727616943239 82.1 5
1727616953381 82.1 6
1727616963477 82.1 7
1727616973580 82.1 8
1727616983675 82.1 9
1727616993761 82.1 10
1727617003867 82.1 11
1727617013976 82.1 12
1727617024177 82.1 13
1727617034299 82.1 14
1727617044397 82.1 15
1727617054491 82.1 16
1727617064581 82.1 17
1727617074657 82.1 18
1727617084747 82.1 19
1727617094919 82.1 20
1727617105067 82.1 21
1727617115163 82.1 22
1727617125281 82.1 23
1727617135407 82.1 24
1727617145488 82.1 25
1727617155646 82.1 26
1727617165756 82.1 27
1727617175849 82.1 28
1727617185920 82.1 29
1727617196045 82.1 30
1727617206137 82.1 31
1727617216232 82.1 32
