1727616892604 419732.4 0
1727616902732 419732.5 1
1727616912945 419732.0 2
1727616923038 419732.1 3
1727616933137 419732.1 4
1727616943239 419732.1 5
1727616953381 419732.4 6
1727616963477 419731.7 7
1727616973580 419731.7 8
1727616983675 419731.9 9
1727616993761 419734.3 10
1727617003867 419734.9 11
1727617013976 419731.1 12
1727617024177 419731.2 13
1727617034299 419731.1 14
1727617044397 419731.1 15
1727617054491 419731.1 16
1727617064581 419731.1 17
1727617074657 419731.1 18
1727617084747 419732.4 19
1727617094919 419732.4 20
1727617105067 419732.6 21
1727617115163 419732.6 22
1727617125281 419732.6 23
1727617135407 419733.9 24
1727617145488 419734.1 25
1727617155646 419734.6 26
1727617165756 419734.6 27
1727617175849 419734.7 28
1727617185920 419734.7 29
1727617196045 419734.9 30
1727617206137 419735.0 31
1727617216232 419735.2 32
