1727616892604 16.2 0
1727616902732 13.9 1
1727616912945 14.5 2
1727616923038 13.9 3
1727616933137 12.9 4
1727616943239 12.3 5
1727616953381 13.5 6
1727616963477 12.0 7
1727616973580 11.8 8
1727616983675 12.1 9
1727616993761 12.0 10
1727617003867 13.8 11
1727617013976 15.3 12
1727617024177 13.1 13
1727617034299 12.9 14
1727617044397 12.6 15
1727617054491 12.8 16
1727617064581 12.9 17
1727617074657 12.8 18
1727617084747 14.5 19
1727617094919 13.1 20
1727617105067 12.3 21
1727617115163 14.2 22
1727617125281 13.0 23
1727617135407 12.0 24
1727617145488 12.6 25
1727617155646 12.9 26
1727617165756 13.1 27
1727617175849 14.4 28
1727617185920 13.3 29
1727617196045 13.1 30
1727617206137 12.7 31
1727617216232 13.3 32
