1727616892604 20.0 0
1727616902732 29.0 1
1727616912945 16.0 2
1727616923038 15.0 3
1727616933137 16.0 4
1727616943239 16.0 5
1727616953381 18.0 6
1727616963477 19.0 7
1727616973580 12.0 8
1727616983675 22.0 9
1727616993761 14.0 10
1727617003867 18.0 11
1727617013976 17.0 12
1727617024177 27.0 13
1727617034299 17.0 14
1727617044397 16.0 15
1727617054491 16.0 16
1727617064581 17.0 17
1727617074657 15.0 18
1727617084747 17.0 19
1727617094919 17.0 20
1727617105067 17.0 21
1727617115163 17.0 22
1727617125281 15.0 23
1727617135407 16.0 24
1727617145488 21.0 25
1727617155646 19.0 26
1727617165756 13.0 27
1727617175849 36.0 28
1727617185920 16.0 29
1727617196045 14.0 30
1727617206137 16.0 31
1727617216232 17.0 32
