1727616892604 348.4 0
1727616902732 298.5 1
1727616912945 310.3 2
1727616923038 298.4 3
1727616933137 276.1 4
1727616943239 264.8 5
1727616953381 290.9 6
1727616963477 258.2 7
1727616973580 253.8 8
1727616983675 259.7 9
1727616993761 257.9 10
1727617003867 296.1 11
1727617013976 327.6 12
1727617024177 281.7 13
1727617034299 277.6 14
1727617044397 271.3 15
1727617054491 274.2 16
1727617064581 277.5 17
1727617074657 274.6 18
1727617084747 310.4 19
1727617094919 280.4 20
1727617105067 264.7 21
1727617115163 305.6 22
1727617125281 279.3 23
1727617135407 257.8 24
1727617145488 271.2 25
1727617155646 278.0 26
1727617165756 280.9 27
1727617175849 309.5 28
1727617185920 285.0 29
1727617196045 280.9 30
1727617206137 273.4 31
1727617216232 286.1 32
