1727616892604 0.0 0
1727616902732 0.0578750000000241 1
1727616912945 0.08954800000003615 2
1727616923038 0.1039220000000114 3
1727616933137 0.1312210000000391 4
1727616943239 0.20687700000001996 5
1727616953381 0.3029730000000086 6
1727616963477 0.3531510000000253 7
1727616973580 0.400209000000018 8
1727616983675 0.4464590000000044 9
1727616993761 0.46327200000001767 10
1727617003867 0.4767760000000294 11
1727617013976 0.5078280000000177 12
1727617024177 0.5398520000000531 13
1727617034299 0.5649110000000519 14
1727617044397 0.649203 15
1727617054491 0.7010660000000257 16
1727617064581 0.7571910000000344 17
1727617074657 0.8456070000000295 18
1727617084747 0.9269620000000032 19
1727617094919 0.957823000000019 20
1727617105067 1.0183580000000347 21
1727617115163 1.0807080000000155 22
1727617125281 1.1019450000000006 23
1727617135407 1.1302520000000413 24
1727617145488 1.1628840000000196 25
1727617155646 1.1928620000000478 26
1727617165756 1.224518000000046 27
1727617175849 1.2509580000000255 28
1727617185920 1.2764290000000074 29
1727617196045 1.3016090000000418 30
1727617206137 1.3640630000000442 31
1727617216232 1.3917410000000245 32
