1727616892604 0.0 0
1727616902732 0.25750099999999065 1
1727616912945 0.4903419999999983 2
1727616923038 0.8999670000000037 3
1727616933137 1.4326330000000098 4
1727616943239 2.0384730000000104 5
1727616953381 3.032691 6
1727616963477 3.6114630000000147 7
1727616973580 4.394802000000027 8
1727616983675 5.0611430000000155 9
1727616993761 6.062252999999998 10
1727617003867 7.239281000000005 11
1727617013976 8.11265400000002 12
1727617024177 9.910906000000011 13
1727617034299 11.628982000000008 14
1727617044397 12.682851000000028 15
1727617054491 14.75574499999999 16
1727617064581 16.981469000000004 17
1727617074657 19.61663500000003 18
1727617084747 21.782193000000007 19
1727617094919 24.296001999999987 20
1727617105067 26.175194000000033 21
1727617115163 28.94322900000003 22
1727617125281 31.781308000000024 23
1727617135407 33.83486700000003 24
1727617145488 36.94407699999999 25
1727617155646 40.133646 26
1727617165756 43.84870699999999 27
1727617175849 45.77427600000004 28
1727617185920 49.521681 29
1727617196045 53.45465800000005 30
1727617206137 57.179873999999984 31
1727617216232 59.854779000000065 32
