1727616892604 55.2 0
1727616902732 60.8 1
1727616912945 62.5 2
1727616923038 61.9 3
1727616933137 62.1 4
1727616943239 61.3 5
1727616953381 61.7 6
1727616963477 62.6 7
1727616973580 62.1 8
1727616983675 62.9 9
1727616993761 62.3 10
1727617003867 62.2 11
1727617013976 62.5 12
1727617024177 62.3 13
1727617034299 62.0 14
1727617044397 61.5 15
1727617054491 62.1 16
1727617064581 62.0 17
1727617074657 61.6 18
1727617084747 62.0 19
1727617094919 61.7 20
1727617105067 61.2 21
1727617115163 61.6 22
1727617125281 61.5 23
1727617135407 60.8 24
1727617145488 61.6 25
1727617155646 61.5 26
1727617165756 61.1 27
1727617175849 61.7 28
1727617185920 61.7 29
1727617196045 61.6 30
1727617206137 61.4 31
1727617216232 61.9 32
