1727616892604 9375.3 0
1727616902732 10325.0 1
1727616912945 10622.0 2
1727616923038 10520.5 3
1727616933137 10551.6 4
1727616943239 10412.7 5
1727616953381 10482.3 6
1727616963477 10633.4 7
1727616973580 10553.3 8
1727616983675 10675.7 9
1727616993761 10579.3 10
1727617003867 10569.2 11
1727617013976 10616.7 12
1727617024177 10573.3 13
1727617034299 10527.7 14
1727617044397 10446.2 15
1727617054491 10541.1 16
1727617064581 10533.5 17
1727617074657 10463.8 18
1727617084747 10533.1 19
1727617094919 10475.7 20
1727617105067 10397.7 21
1727617115163 10464.1 22
1727617125281 10449.7 23
1727617135407 10326.7 24
1727617145488 10459.6 25
1727617155646 10437.6 26
1727617165756 10382.8 27
1727617175849 10488.0 28
1727617185920 10474.7 29
1727617196045 10463.2 30
1727617206137 10428.0 31
1727617216232 10520.7 32
