1727980287270 22.7 0
1727980297323 25.8 1
1727980307364 25.2 2
1727980317402 25.9 3
1727980327435 24.9 4
1727980337469 25.2 5
1727980347504 25.0 6
1727980357540 26.4 7
1727980367577 25.6 8
1727980377614 24.5 9
1727980387649 24.9 10
1727980397686 25.5 11
1727980407725 23.1 12
1727980417762 24.3 13
1727980427799 26.4 14
1727980437839 26.3 15
1727980447878 26.7 16
1727980457917 24.9 17
1727980467958 25.9 18
1727980477998 25.5 19
1727980488042 26.2 20
1727980498136 26.3 21
1727980508212 26.3 22
1727980518251 27.1 23
1727980528292 25.0 24
1727980538331 24.7 25
1727980548387 26.6 26
1727980558428 26.7 27
1727980568471 24.5 28
1727980578511 26.7 29
1727980588551 27.0 30
1727980598589 25.0 31
1727980608628 26.2 32
1727980618667 26.7 33
1727980628708 27.0 34
1727980638766 27.0 35
1727980648808 26.2 36
1727980658870 25.9 37
1727980668928 23.9 38
1727980678971 27.0 39
1727980689009 27.2 40
1727980699049 26.0 41
1727980709091 27.6 42
1727980719132 26.5 43
1727980729379 41.2 44
1727980739695 31.5 45
1727980749910 38.6 46
1727980760466 42.6 47
1727980770740 35.5 48
1727980781110 41.5 49
1727980791480 42.7 50
1727980801808 30.3 51
1727980812088 30.3 52
1727980822130 36.6 53
1727980832294 25.7 54
1727980843408 31.6 55
1727980853608 34.7 56
1727980863659 34.3 57
1727980873705 27.3 58
1727980883751 43.3 59
1727980893793 40.9 60
1727980903834 28.6 61
1727980913875 24.8 62
1727980923921 35.8 63
1727980933972 25.3 64
1727980944010 27.7 65
1727980954048 25.5 66
1727980964111 24.0 67
1727980974254 43.2 68
1727980984340 43.3 69
1727980994383 27.4 70
1727981004425 38.0 71
1727981014470 38.0 72
1727981024524 40.4 73
1727981034567 34.4 74
1727981045477 36.9 75
1727981055776 32.3 76
1727981066002 26.2 77
1727981076588 38.5 78
1727981086855 42.2 79
1727981096897 31.1 80
1727981106964 25.3 81
1727981117152 31.8 82
1727981127353 34.8 83
1727981137456 32.0 84
1727981147780 28.8 85
1727981157831 30.7 86
1727981167872 26.2 87
1727981177910 25.2 88
1727981188248 23.9 89
1727981198625 30.4 90
1727981208680 31.1 91
1727981219872 25.4 92
1727981230709 32.0 93
1727981241096 42.2 94
1727981251138 30.3 95
1727981261182 38.9 96
1727981271236 28.2 97
1727981281279 28.0 98
1727981291325 25.1 99
1727981301552 26.2 100
1727981311636 46.8 101
1727981321762 36.8 102
1727981332462 39.9 103
1727981342574 32.0 104
1727981352617 36.8 105
1727981362659 31.5 106
1727981372968 40.9 107
1727981383351 42.2 108
1727981393397 35.8 109
1727981403631 25.8 110
1727981414199 34.3 111
1727981424266 27.7 112
1727981434308 36.7 113
1727981444353 25.2 114
1727981454555 38.3 115
1727981465118 38.9 116
1727981475566 39.8 117
1727981485825 35.6 118
1727981496630 34.8 119
1727981507012 42.7 120
1727981517182 38.1 121
1727981527528 32.3 122
1727981537573 29.7 123
1727981547613 25.7 124
1727981557963 24.3 125
1727981568475 33.6 126
1727981578981 41.2 127
1727981589462 45.4 128
1727981599542 36.9 129
1727981609811 35.2 130
1727981619854 36.6 131
1727981629906 35.6 132
1727981640166 40.3 133
1727981650420 32.9 134
1727981660522 34.2 135
1727981670602 36.7 136
1727981680918 39.5 137
1727981691413 40.3 138
1727981701456 33.5 139
1727981711500 26.6 140
1727981721666 25.0 141
1727981731713 30.8 142
1727981741767 35.7 143
1727981751812 32.5 144
1727981761855 31.8 145
1727981771913 31.7 146
1727981782680 40.9 147
1727981793055 29.1 148
1727981803513 39.4 149
1727981813898 35.1 150
1727981824174 38.9 151
1727981834712 44.1 152
1727981845229 33.7 153
1727981855663 36.8 154
1727981865858 45.2 155
1727981876386 39.2 156
1727981886772 41.1 157
1727981896816 36.7 158
1727981907118 27.8 159
1727981917360 32.3 160
1727981927651 40.4 161
1727981937695 29.9 162
1727981947744 26.4 163
1727981957790 25.4 164
1727981968366 24.4 165
1727981978755 32.2 166
1727981988799 33.7 167
1727981998844 41.2 168
1727982009051 26.4 169
1727982019603 37.9 170
1727982030168 40.3 171
1727982040262 39.5 172
1727982050485 35.3 173
1727982060901 35.5 174
1727982070945 35.6 175
1727982081038 34.1 176
1727982091089 40.6 177
1727982101136 28.6 178
1727982111181 33.6 179
1727982121227 34.9 180
1727982131271 29.9 181
1727982141519 25.3 182
1727982152661 32.6 183
1727982163098 40.1 184
1727982173145 39.2 185
1727982183373 25.2 186
1727982194035 43.4 187
1727982204296 41.8 188
1727982214919 41.0 189
1727982225220 35.3 190
1727982235526 35.9 191
1727982245756 33.8 192
1727982256428 42.7 193
1727982266961 41.2 194
1727982277431 41.1 195
1727982287677 38.8 196
1727982297731 31.8 197
1727982307776 26.5 198
1727982317827 25.6 199
1727982327880 29.7 200
1727982337927 26.4 201
1727982347975 24.9 202
1727982358182 35.4 203
1727982368571 38.8 204
1727982378616 37.7 205
1727982388674 26.9 206
1727982398889 33.1 207
1727982409271 32.1 208
1727982419462 42.1 209
1727982429805 41.1 210
1727982439977 36.7 211
1727982450364 35.0 212
1727982461051 35.9 213
1727982471121 36.9 214
1727982481323 33.9 215
1727982491567 35.4 216
1727982502040 38.7 217
1727982512136 34.5 218
1727982522185 35.0 219
1727982532229 26.1 220
1727982542479 24.7 221
1727982553021 33.9 222
1727982563443 39.1 223
1727982573667 46.0 224
1727982584057 33.6 225
1727982594102 35.6 226
1727982604147 24.9 227
1727982614314 38.9 228
1727982624702 44.0 229
1727982634745 29.9 230
1727982645617 26.7 231
1727982655745 40.9 232
1727982665940 35.9 233
1727982676652 39.4 234
1727982687040 39.7 235
1727982697431 33.5 236
1727982708073 44.5 237
1727982718463 34.2 238
1727982728857 39.3 239
1727982739075 40.9 240
1727982749297 39.1 241
1727982759451 38.7 242
1727982769501 40.2 243
1727982779549 44.3 244
1727982789595 26.0 245
1727982799644 24.7 246
1727982809694 31.1 247
1727982820011 37.7 248
1727982830758 36.8 249
1727982840886 44.3 250
1727982851281 31.1 251
1727982861328 43.5 252
1727982871374 42.4 253
1727982881571 27.6 254
1727982892089 35.2 255
1727982902560 31.8 256
1727982912793 40.4 257
1727982923010 38.3 258
1727982933273 34.2 259
1727982943438 37.5 260
1727982953489 33.4 261
1727982963536 29.3 262
1727982973620 30.3 263
1727982983863 39.2 264
1727982994291 39.5 265
1727983004335 39.3 266
1727983015059 25.7 267
1727983025617 38.5 268
1727983036124 38.5 269
1727983046244 33.8 270
1727983056293 44.6 271
1727983066824 27.0 272
1727983076873 25.8 273
1727983087031 24.8 274
1727983097617 27.8 275
1727983107848 45.4 276
1727983118087 28.9 277
1727983128145 41.0 278
1727983138197 37.2 279
1727983148244 4.2 280
1727983158477 2.7 281
1727983168613 4.3 282
1727983178992 16.8 283
1727983189148 11.4 284
1727983199223 18.2 285
1727983209431 14.5 286
1727983220116 6.9 287
1727983230633 18.7 288
1727983240720 16.6 289
1727983250783 21.5 290
1727983260835 2.6 291
1727983270886 17.1 292
1727983281094 18.0 293
1727983291283 20.2 294
1727983301442 4.5 295
1727983311715 16.6 296
1727983322082 8.7 297
1727983332310 4.5 298
1727983342891 5.2 299
1727983353386 16.5 300
1727983363731 16.4 301
1727983374321 13.4 302
1727983385000 20.3 303
1727983395057 12.0 304
1727983405107 16.3 305
1727983415155 9.4 306
1727983425204 19.2 307
1727983435252 6.7 308
1727983445607 20.6 309
1727983455864 8.7 310
1727983465966 18.0 311
1727983476163 19.5 312
1727983486329 17.7 313
1727983496897 16.9 314
1727983507031 16.9 315
1727983517079 11.9 316
1727983527130 18.9 317
1727983537182 19.2 318
1727983547357 11.0 319
1727983557743 6.5 320
1727983567793 8.9 321
1727983577844 3.1 322
1727983587926 2.8 323
1727983598010 5.6 324
1727983608062 21.8 325
1727983618244 15.7 326
1727983628482 17.6 327
1727983638647 17.0 328
1727983648720 9.7 329
1727983658773 11.1 330
1727983668963 18.4 331
1727983679030 18.9 332
1727983689155 6.1 333
1727983699276 3.4 334
1727983709325 17.5 335
1727983719503 14.0 336
1727983729958 18.9 337
1727983740906 6.2 338
1727983752109 23.5 339
1727983762199 17.3 340
1727983772249 17.7 341
1727983782298 14.0 342
1727983792666 3.7 343
1727983802802 7.9 344
1727983812863 16.6 345
1727983822930 15.4 346
1727983833117 18.7 347
1727983843556 17.8 348
1727983853857 8.8 349
1727983864075 15.5 350
1727983875095 12.4 351
1727983885264 17.8 352
1727983895327 16.6 353
1727983905378 11.2 354
1727983915452 3.7 355
1727983925513 3.2 356
1727983935564 2.7 357
1727983945612 1.6 358
1727983955664 0.9 359
1727983965905 5.0 360
1727983976336 13.8 361
1727983986388 10.2 362
1727983996438 11.1 363
1727984006708 15.3 364
1727984016758 7.5 365
1727984026806 10.7 366
1727984036856 7.8 367
1727984046909 16.3 368
1727984057133 18.7 369
1727984067217 19.8 370
1727984077285 11.7 371
1727984087397 17.4 372
1727984097872 17.3 373
1727984107982 15.4 374
1727984118034 20.9 375
1727984128229 3.7 376
1727984138474 13.5 377
1727984148875 16.1 378
1727984158928 10.9 379
1727984168985 15.2 380
1727984179524 2.7 381
1727984189797 9.6 382
1727984199917 17.9 383
1727984210020 9.5 384
1727984220234 18.2 385
1727984230616 12.3 386
1727984240669 13.5 387
1727984251083 3.5 388
1727984261330 15.4 389
1727984271412 17.4 390
1727984281492 9.3 391
1727984291712 9.8 392
1727984301770 16.8 393
1727984311861 10.5 394
1727984321982 9.0 395
1727984332041 15.9 396
1727984342095 19.3 397
1727984352160 18.7 398
1727984362519 3.0 399
1727984372828 8.4 400
1727984383282 18.6 401
1727984393487 19.7 402
1727984404121 16.6 403
1727984414277 19.6 404
1727984424380 13.4 405
1727984434587 8.7 406
1727984444814 21.2 407
1727984455121 16.6 408
1727984465512 22.6 409
1727984475939 14.3 410
1727984485998 20.4 411
1727984496052 3.1 412
1727984506110 6.3 413
1727984516164 9.9 414
1727984526219 6.4 415
1727984536420 20.3 416
1727984546833 8.5 417
1727984557053 15.4 418
1727984567128 7.9 419
1727984577190 5.3 420
1727984587248 19.1 421
1727984597303 19.4 422
1727984607922 16.8 423
1727984618364 11.3 424
1727984628595 9.9 425
1727984639260 16.9 426
1727984649368 22.6 427
1727984659532 10.7 428
1727984669746 15.8 429
1727984680071 15.4 430
1727984690212 22.0 431
1727984700398 9.2 432
1727984710928 18.5 433
1727984721252 17.4 434
1727984731938 17.3 435
1727984742076 16.1 436
1727984752138 17.4 437
1727984762580 14.5 438
1727984773140 11.5 439
1727984783364 15.9 440
1727984793445 15.4 441
1727984803574 17.6 442
1727984813969 8.5 443
1727984824560 14.6 444
1727984835005 15.2 445
1727984845204 15.3 446
1727984855719 12.4 447
1727984866124 17.5 448
1727984876261 20.5 449
1727984886623 18.1 450
1727984896702 9.1 451
1727984906908 4.0 452
1727984917902 3.3 453
1727984928430 21.9 454
1727984938979 15.5 455
1727984949158 16.0 456
1727984959212 11.9 457
1727984969270 11.3 458
1727984979609 20.4 459
1727984989664 17.3 460
1727984999974 3.9 461
1727985010487 20.4 462
1727985020760 16.2 463
1727985030904 21.2 464
1727985041046 7.3 465
1727985051260 3.7 466
1727985061329 13.3 467
1727985071457 13.0 468
1727985081618 21.0 469
1727985091670 5.0 470
1727985101731 5.9 471
1727985111963 6.8 472
1727985122088 17.1 473
1727985132198 16.7 474
1727985142845 5.0 475
1727985153220 16.2 476
1727985163299 10.2 477
1727985173464 3.3 478
1727985183593 21.8 479
1727985193674 11.5 480
1727985203815 24.2 481
1727985213999 23.8 482
1727985224100 22.7 483
1727985234196 22.1 484
1727985244472 23.3 485
1727985254550 24.2 486
1727985264871 23.9 487
1727985274955 23.4 488
1727985285231 23.2 489
1727985295325 23.4 490
1727985305434 23.7 491
1727985315516 22.7 492
1727985325598 21.9 493
1727985335898 24.2 494
1727985346423 24.2 495
1727985356556 24.0 496
1727985366650 24.1 497
1727985376973 24.2 498
1727985387056 23.3 499
1727985397144 23.9 500
1727985407605 23.7 501
1727985417711 22.7 502
1727985427975 23.7 503
1727985438108 24.1 504
1727985448200 24.1 505
1727985458329 24.1 506
1727985468408 23.5 507
1727985478472 22.6 508
1727985488544 23.8 509
1727985498603 24.2 510
1727985508814 24.2 511
1727985518934 22.9 512
1727985529419 23.9 513
1727985539478 24.0 514
1727985549552 24.2 515
1727985559612 24.2 516
1727985569667 24.2 517
