1727980287270 10.5 0
1727980297323 10.5 1
1727980307364 10.5 2
1727980317402 10.5 3
1727980327435 10.5 4
1727980337469 10.5 5
1727980347504 10.5 6
1727980357540 10.5 7
1727980367577 10.5 8
1727980377614 10.5 9
1727980387649 10.5 10
1727980397686 10.5 11
1727980407725 10.5 12
1727980417762 10.5 13
1727980427799 10.5 14
1727980437839 10.5 15
1727980447878 10.5 16
1727980457917 10.5 17
1727980467958 10.5 18
1727980477998 10.5 19
1727980488042 10.5 20
1727980498136 10.5 21
1727980508212 10.5 22
1727980518251 10.5 23
1727980528292 10.5 24
1727980538331 10.5 25
1727980548387 10.5 26
1727980558428 10.5 27
1727980568471 10.5 28
1727980578511 10.5 29
1727980588551 10.5 30
1727980598589 10.5 31
1727980608628 10.5 32
1727980618667 10.5 33
1727980628708 10.5 34
1727980638766 10.5 35
1727980648808 10.5 36
1727980658870 10.5 37
1727980668928 10.5 38
1727980678971 10.5 39
1727980689009 10.5 40
1727980699049 10.5 41
1727980709091 10.5 42
1727980719132 10.5 43
1727980729379 10.5 44
1727980739695 10.5 45
1727980749910 10.5 46
1727980760466 10.5 47
1727980770740 10.5 48
1727980781110 10.5 49
1727980791480 10.5 50
1727980801808 10.5 51
1727980812088 10.5 52
1727980822130 10.5 53
1727980832294 10.5 54
1727980843408 10.5 55
1727980853608 10.5 56
1727980863659 10.5 57
1727980873705 10.5 58
1727980883751 10.5 59
1727980893793 10.5 60
1727980903834 10.5 61
1727980913875 10.5 62
1727980923921 10.5 63
1727980933972 10.5 64
1727980944010 10.5 65
1727980954048 10.5 66
1727980964111 10.5 67
1727980974254 10.5 68
1727980984340 10.5 69
1727980994383 10.5 70
1727981004425 10.5 71
1727981014470 10.5 72
1727981024524 10.5 73
1727981034567 10.5 74
1727981045477 10.5 75
1727981055776 10.5 76
1727981066002 10.5 77
1727981076588 10.5 78
1727981086855 10.5 79
1727981096897 10.5 80
1727981106964 10.5 81
1727981117152 10.5 82
1727981127353 10.5 83
1727981137456 10.5 84
1727981147780 10.5 85
1727981157831 10.5 86
1727981167872 10.5 87
1727981177910 10.5 88
1727981188248 10.5 89
1727981198625 10.5 90
1727981208680 10.5 91
1727981219872 10.5 92
1727981230709 10.5 93
1727981241096 10.5 94
1727981251138 10.5 95
1727981261182 10.5 96
1727981271236 10.5 97
1727981281279 10.5 98
1727981291325 10.5 99
1727981301552 10.5 100
1727981311636 10.5 101
1727981321762 10.5 102
1727981332462 10.5 103
1727981342574 10.5 104
1727981352617 10.5 105
1727981362659 10.5 106
1727981372968 10.5 107
1727981383351 10.5 108
1727981393397 10.5 109
1727981403631 10.5 110
1727981414199 10.5 111
1727981424266 10.5 112
1727981434308 10.5 113
1727981444353 10.5 114
1727981454555 10.5 115
1727981465118 10.5 116
1727981475566 10.5 117
1727981485825 10.5 118
1727981496630 10.5 119
1727981507012 10.5 120
1727981517182 10.5 121
1727981527528 10.5 122
1727981537573 10.5 123
1727981547613 10.5 124
1727981557963 10.5 125
1727981568475 10.5 126
1727981578981 10.5 127
1727981589462 10.5 128
1727981599542 10.5 129
1727981609811 10.5 130
1727981619854 10.5 131
1727981629906 10.5 132
1727981640166 10.5 133
1727981650420 10.5 134
1727981660522 10.5 135
1727981670602 10.5 136
1727981680918 10.5 137
1727981691413 10.5 138
1727981701456 10.5 139
1727981711500 10.5 140
1727981721666 10.5 141
1727981731713 10.5 142
1727981741767 10.5 143
1727981751812 10.5 144
1727981761855 10.5 145
1727981771913 10.5 146
1727981782680 10.5 147
1727981793055 10.5 148
1727981803513 10.5 149
1727981813898 10.5 150
1727981824174 10.5 151
1727981834712 10.5 152
1727981845229 10.5 153
1727981855663 10.5 154
1727981865858 10.5 155
1727981876386 10.5 156
1727981886772 10.5 157
1727981896816 10.5 158
1727981907118 10.5 159
1727981917360 10.5 160
1727981927651 10.5 161
1727981937695 10.5 162
1727981947744 10.5 163
1727981957790 10.5 164
1727981968366 10.5 165
1727981978755 10.5 166
1727981988799 10.5 167
1727981998844 10.5 168
1727982009051 10.5 169
1727982019603 10.5 170
1727982030168 10.5 171
1727982040262 10.5 172
1727982050485 10.5 173
1727982060901 10.5 174
1727982070945 10.5 175
1727982081038 10.5 176
1727982091089 10.5 177
1727982101136 10.5 178
1727982111181 10.5 179
1727982121227 10.5 180
1727982131271 10.5 181
1727982141519 10.5 182
1727982152661 10.5 183
1727982163098 10.5 184
1727982173145 10.5 185
1727982183373 10.5 186
1727982194035 10.5 187
1727982204296 10.5 188
1727982214919 10.5 189
1727982225220 10.5 190
1727982235526 10.5 191
1727982245756 10.5 192
1727982256428 10.5 193
1727982266961 10.5 194
1727982277431 10.5 195
1727982287677 10.5 196
1727982297731 10.5 197
1727982307776 10.5 198
1727982317827 10.5 199
1727982327880 10.5 200
1727982337927 10.5 201
1727982347975 10.5 202
1727982358182 10.5 203
1727982368571 10.5 204
1727982378616 10.5 205
1727982388674 10.5 206
1727982398889 10.5 207
1727982409271 10.5 208
1727982419462 10.5 209
1727982429805 10.5 210
1727982439977 10.5 211
1727982450364 10.5 212
1727982461051 10.5 213
1727982471121 10.5 214
1727982481323 10.5 215
1727982491567 10.5 216
1727982502040 10.5 217
1727982512136 10.5 218
1727982522185 10.5 219
1727982532229 10.5 220
1727982542479 10.5 221
1727982553021 10.5 222
1727982563443 10.5 223
1727982573667 10.5 224
1727982584057 10.5 225
1727982594102 10.5 226
1727982604147 10.5 227
1727982614314 10.5 228
1727982624702 10.5 229
1727982634745 10.5 230
1727982645617 10.5 231
1727982655745 10.5 232
1727982665940 10.5 233
1727982676652 10.5 234
1727982687040 10.5 235
1727982697431 10.5 236
1727982708073 10.5 237
1727982718463 10.5 238
1727982728857 10.5 239
1727982739075 10.5 240
1727982749297 10.5 241
1727982759451 10.5 242
1727982769501 10.5 243
1727982779549 10.5 244
1727982789595 10.5 245
1727982799644 10.5 246
1727982809694 10.5 247
1727982820011 10.5 248
1727982830758 10.5 249
1727982840886 10.5 250
1727982851281 10.5 251
1727982861328 10.5 252
1727982871374 10.5 253
1727982881571 10.5 254
1727982892089 10.5 255
1727982902560 10.5 256
1727982912793 10.5 257
1727982923010 10.5 258
1727982933273 10.5 259
1727982943438 10.5 260
1727982953489 10.5 261
1727982963536 10.5 262
1727982973620 10.5 263
1727982983863 10.5 264
1727982994291 10.5 265
1727983004335 10.5 266
1727983015059 10.5 267
1727983025617 10.5 268
1727983036124 10.5 269
1727983046244 10.5 270
1727983056293 10.5 271
1727983066824 10.5 272
1727983076873 10.5 273
1727983087031 10.5 274
1727983097617 10.5 275
1727983107848 10.5 276
1727983118087 10.5 277
1727983128145 10.5 278
1727983138197 10.5 279
1727983148244 10.5 280
1727983158477 10.5 281
1727983168613 10.5 282
1727983178992 10.5 283
1727983189148 10.5 284
1727983199223 10.5 285
1727983209431 10.5 286
1727983220116 10.5 287
1727983230633 10.5 288
1727983240720 10.5 289
1727983250783 10.5 290
1727983260835 10.5 291
1727983270886 10.5 292
1727983281094 10.5 293
1727983291283 10.5 294
1727983301442 10.5 295
1727983311715 10.5 296
1727983322082 10.5 297
1727983332310 10.5 298
1727983342891 10.5 299
1727983353386 10.5 300
1727983363731 10.5 301
1727983374321 10.5 302
1727983385000 10.5 303
1727983395057 10.5 304
1727983405107 10.5 305
1727983415155 10.5 306
1727983425204 10.5 307
1727983435252 10.5 308
1727983445607 10.5 309
1727983455864 10.5 310
1727983465966 10.5 311
1727983476163 10.5 312
1727983486329 10.5 313
1727983496897 10.5 314
1727983507031 10.5 315
1727983517079 10.5 316
1727983527130 10.5 317
1727983537182 10.5 318
1727983547357 10.5 319
1727983557743 10.5 320
1727983567793 10.5 321
1727983577844 10.5 322
1727983587926 10.5 323
1727983598010 10.5 324
1727983608062 10.5 325
1727983618244 10.5 326
1727983628482 10.5 327
1727983638647 10.5 328
1727983648720 10.5 329
1727983658773 10.5 330
1727983668963 10.5 331
1727983679030 10.5 332
1727983689155 10.5 333
1727983699276 10.5 334
1727983709325 10.5 335
1727983719503 10.5 336
1727983729958 10.5 337
1727983740906 10.5 338
1727983752109 10.5 339
1727983762199 10.5 340
1727983772249 10.5 341
1727983782298 10.5 342
1727983792666 10.5 343
1727983802802 10.5 344
1727983812863 10.5 345
1727983822930 10.5 346
1727983833117 10.5 347
1727983843556 10.5 348
1727983853857 10.5 349
1727983864075 10.5 350
1727983875095 10.5 351
1727983885264 10.5 352
1727983895327 10.5 353
1727983905378 10.5 354
1727983915452 10.5 355
1727983925513 10.5 356
1727983935564 10.5 357
1727983945612 10.5 358
1727983955664 10.5 359
1727983965905 10.5 360
1727983976336 10.5 361
1727983986388 10.5 362
1727983996438 10.5 363
1727984006708 10.5 364
1727984016758 10.5 365
1727984026806 10.5 366
1727984036856 10.5 367
1727984046909 10.5 368
1727984057133 10.5 369
1727984067217 10.5 370
1727984077285 10.5 371
1727984087397 10.5 372
1727984097872 10.5 373
1727984107982 10.5 374
1727984118034 10.5 375
1727984128229 10.5 376
1727984138474 10.5 377
1727984148875 10.5 378
1727984158928 10.5 379
1727984168985 10.5 380
1727984179524 10.5 381
1727984189797 10.5 382
1727984199917 10.5 383
1727984210020 10.5 384
1727984220234 10.5 385
1727984230616 10.5 386
1727984240669 10.5 387
1727984251083 10.5 388
1727984261330 10.5 389
1727984271412 10.5 390
1727984281492 10.5 391
1727984291712 10.5 392
1727984301770 10.5 393
1727984311861 10.5 394
1727984321982 10.5 395
1727984332041 10.5 396
1727984342095 10.5 397
1727984352160 10.5 398
1727984362519 10.5 399
1727984372828 10.5 400
1727984383282 10.5 401
1727984393487 10.5 402
1727984404121 10.5 403
1727984414277 10.5 404
1727984424380 10.5 405
1727984434587 10.5 406
1727984444814 10.5 407
1727984455121 10.5 408
1727984465512 10.5 409
1727984475939 10.5 410
1727984485998 10.5 411
1727984496052 10.5 412
1727984506110 10.5 413
1727984516164 10.5 414
1727984526219 10.5 415
1727984536420 10.5 416
1727984546833 10.5 417
1727984557053 10.5 418
1727984567128 10.5 419
1727984577190 10.5 420
1727984587248 10.5 421
1727984597303 10.5 422
1727984607922 10.5 423
1727984618364 10.5 424
1727984628595 10.5 425
1727984639260 10.5 426
1727984649368 10.5 427
1727984659532 10.5 428
1727984669746 10.5 429
1727984680071 10.5 430
1727984690212 10.5 431
1727984700398 10.5 432
1727984710928 10.5 433
1727984721252 10.5 434
1727984731938 10.5 435
1727984742076 10.5 436
1727984752138 10.5 437
1727984762580 10.5 438
1727984773140 10.5 439
1727984783364 10.5 440
1727984793445 10.5 441
1727984803574 10.5 442
1727984813969 10.5 443
1727984824560 10.5 444
1727984835005 10.5 445
1727984845204 10.5 446
1727984855719 10.5 447
1727984866124 10.5 448
1727984876261 10.5 449
1727984886623 10.5 450
1727984896702 10.5 451
1727984906908 10.5 452
1727984917902 10.5 453
1727984928430 10.5 454
1727984938979 10.5 455
1727984949158 10.5 456
1727984959212 10.5 457
1727984969270 10.5 458
1727984979609 10.5 459
1727984989664 10.5 460
1727984999974 10.5 461
1727985010487 10.5 462
1727985020760 10.5 463
1727985030904 10.5 464
1727985041046 10.5 465
1727985051260 10.5 466
1727985061329 10.5 467
1727985071457 10.5 468
1727985081618 10.5 469
1727985091670 10.5 470
1727985101731 10.5 471
1727985111963 10.5 472
1727985122088 10.5 473
1727985132198 10.5 474
1727985142845 10.5 475
1727985153220 10.5 476
1727985163299 10.5 477
1727985173464 10.5 478
1727985183593 10.5 479
1727985193674 10.5 480
1727985203815 10.5 481
1727985213999 10.5 482
1727985224100 10.5 483
1727985234196 10.5 484
1727985244472 10.5 485
1727985254550 10.5 486
1727985264871 10.5 487
1727985274955 10.5 488
1727985285231 10.5 489
1727985295325 10.5 490
1727985305434 10.5 491
1727985315516 10.5 492
1727985325598 10.5 493
1727985335898 10.5 494
1727985346423 10.5 495
1727985356556 10.5 496
1727985366650 10.5 497
1727985376973 10.5 498
1727985387056 10.5 499
1727985397144 10.5 500
1727985407605 10.5 501
1727985417711 10.5 502
1727985427975 10.5 503
1727985438108 10.5 504
1727985448200 10.5 505
1727985458329 10.5 506
1727985468408 10.5 507
1727985478472 10.5 508
1727985488544 10.5 509
1727985498603 10.5 510
1727985508814 10.5 511
1727985518934 10.5 512
1727985529419 10.5 513
1727985539478 10.5 514
1727985549552 10.5 515
1727985559612 10.5 516
1727985569667 10.5 517
