1727980287270 22515.2 0
1727980297323 22515.2 1
1727980307364 22515.2 2
1727980317402 22515.2 3
1727980327435 22515.2 4
1727980337469 22515.2 5
1727980347504 22515.2 6
1727980357540 22515.2 7
1727980367577 22515.2 8
1727980377614 22515.2 9
1727980387649 22515.2 10
1727980397686 22515.2 11
1727980407725 22515.2 12
1727980417762 22515.2 13
1727980427799 22515.2 14
1727980437839 22515.2 15
1727980447878 22515.2 16
1727980457917 22515.2 17
1727980467958 22515.2 18
1727980477998 22515.2 19
1727980488042 22515.2 20
1727980498136 22515.2 21
1727980508212 22515.2 22
1727980518251 22515.2 23
1727980528292 22515.2 24
1727980538331 22515.2 25
1727980548387 22515.2 26
1727980558428 22515.2 27
1727980568471 22515.2 28
1727980578511 22515.2 29
1727980588551 22515.2 30
1727980598589 22515.2 31
1727980608628 22515.2 32
1727980618667 22515.2 33
1727980628708 22515.2 34
1727980638766 22515.2 35
1727980648808 22515.2 36
1727980658870 22515.2 37
1727980668928 22515.2 38
1727980678971 22515.2 39
1727980689009 22515.2 40
1727980699049 22515.2 41
1727980709091 22515.2 42
1727980719132 22515.2 43
1727980729379 22515.2 44
1727980739695 22515.2 45
1727980749910 22515.2 46
1727980760466 22515.2 47
1727980770740 22515.2 48
1727980781110 22515.2 49
1727980791480 22515.2 50
1727980801808 22515.2 51
1727980812088 22515.2 52
1727980822130 22515.2 53
1727980832294 22515.2 54
1727980843408 22515.2 55
1727980853608 22515.2 56
1727980863659 22515.2 57
1727980873705 22515.2 58
1727980883751 22515.2 59
1727980893793 22515.2 60
1727980903834 22515.2 61
1727980913875 22515.2 62
1727980923921 22515.2 63
1727980933972 22515.2 64
1727980944010 22515.2 65
1727980954048 22515.2 66
1727980964111 22515.2 67
1727980974254 22515.2 68
1727980984340 22515.2 69
1727980994383 22515.2 70
1727981004425 22515.2 71
1727981014470 22515.2 72
1727981024524 22515.2 73
1727981034567 22515.2 74
1727981045477 22515.2 75
1727981055776 22515.2 76
1727981066002 22515.2 77
1727981076588 22515.2 78
1727981086855 22515.2 79
1727981096897 22515.2 80
1727981106964 22515.2 81
1727981117152 22515.2 82
1727981127353 22515.2 83
1727981137456 22515.2 84
1727981147780 22515.2 85
1727981157831 22515.2 86
1727981167872 22515.2 87
1727981177910 22515.2 88
1727981188248 22515.2 89
1727981198625 22515.2 90
1727981208680 22515.2 91
1727981219872 22515.2 92
1727981230709 22515.2 93
1727981241096 22515.2 94
1727981251138 22515.2 95
1727981261182 22515.2 96
1727981271236 22515.2 97
1727981281279 22515.2 98
1727981291325 22515.2 99
1727981301552 22515.2 100
1727981311636 22515.2 101
1727981321762 22515.2 102
1727981332462 22515.2 103
1727981342574 22515.2 104
1727981352617 22515.2 105
1727981362659 22515.2 106
1727981372968 22515.2 107
1727981383351 22515.2 108
1727981393397 22515.2 109
1727981403631 22515.2 110
1727981414199 22515.2 111
1727981424266 22515.2 112
1727981434308 22515.2 113
1727981444353 22515.2 114
1727981454555 22515.2 115
1727981465118 22515.2 116
1727981475566 22515.2 117
1727981485825 22515.2 118
1727981496630 22515.2 119
1727981507012 22515.2 120
1727981517182 22515.2 121
1727981527528 22515.2 122
1727981537573 22515.2 123
1727981547613 22515.2 124
1727981557963 22515.2 125
1727981568475 22515.2 126
1727981578981 22515.2 127
1727981589462 22515.2 128
1727981599542 22515.2 129
1727981609811 22515.2 130
1727981619854 22515.2 131
1727981629906 22515.2 132
1727981640166 22515.2 133
1727981650420 22515.2 134
1727981660522 22515.2 135
1727981670602 22515.2 136
1727981680918 22515.2 137
1727981691413 22515.2 138
1727981701456 22515.2 139
1727981711500 22515.2 140
1727981721666 22515.2 141
1727981731713 22515.2 142
1727981741767 22515.2 143
1727981751812 22515.2 144
1727981761855 22515.2 145
1727981771913 22515.2 146
1727981782680 22515.2 147
1727981793055 22515.2 148
1727981803513 22515.2 149
1727981813898 22515.2 150
1727981824174 22515.2 151
1727981834712 22515.2 152
1727981845229 22515.2 153
1727981855663 22515.2 154
1727981865858 22515.2 155
1727981876386 22515.2 156
1727981886772 22515.2 157
1727981896816 22515.2 158
1727981907118 22515.2 159
1727981917360 22515.2 160
1727981927651 22515.2 161
1727981937695 22515.2 162
1727981947744 22515.2 163
1727981957790 22515.2 164
1727981968366 22515.2 165
1727981978755 22515.2 166
1727981988799 22515.2 167
1727981998844 22515.2 168
1727982009051 22515.2 169
1727982019603 22515.2 170
1727982030168 22515.2 171
1727982040262 22515.2 172
1727982050485 22515.2 173
1727982060901 22515.2 174
1727982070945 22515.2 175
1727982081038 22515.2 176
1727982091089 22515.2 177
1727982101136 22515.2 178
1727982111181 22515.2 179
1727982121227 22515.2 180
1727982131271 22515.2 181
1727982141519 22515.2 182
1727982152661 22515.2 183
1727982163098 22515.2 184
1727982173145 22515.2 185
1727982183373 22515.2 186
1727982194035 22515.2 187
1727982204296 22515.2 188
1727982214919 22515.2 189
1727982225220 22515.2 190
1727982235526 22515.2 191
1727982245756 22515.2 192
1727982256428 22515.2 193
1727982266961 22515.2 194
1727982277431 22515.2 195
1727982287677 22515.2 196
1727982297731 22515.2 197
1727982307776 22515.2 198
1727982317827 22515.2 199
1727982327880 22515.2 200
1727982337927 22515.2 201
1727982347975 22515.2 202
1727982358182 22515.2 203
1727982368571 22515.2 204
1727982378616 22515.2 205
1727982388674 22515.2 206
1727982398889 22515.2 207
1727982409271 22515.2 208
1727982419462 22515.2 209
1727982429805 22515.2 210
1727982439977 22515.2 211
1727982450364 22515.2 212
1727982461051 22515.2 213
1727982471121 22515.2 214
1727982481323 22515.2 215
1727982491567 22515.2 216
1727982502040 22515.2 217
1727982512136 22515.2 218
1727982522185 22515.2 219
1727982532229 22515.2 220
1727982542479 22515.2 221
1727982553021 22515.2 222
1727982563443 22515.2 223
1727982573667 22515.2 224
1727982584057 22515.2 225
1727982594102 22515.2 226
1727982604147 22515.2 227
1727982614314 22515.2 228
1727982624702 22515.2 229
1727982634745 22515.2 230
1727982645617 22515.2 231
1727982655745 22515.2 232
1727982665940 22515.2 233
1727982676652 22515.2 234
1727982687040 22515.2 235
1727982697431 22515.2 236
1727982708073 22515.2 237
1727982718463 22515.2 238
1727982728857 22515.2 239
1727982739075 22515.2 240
1727982749297 22515.2 241
1727982759451 22515.2 242
1727982769501 22515.2 243
1727982779549 22515.2 244
1727982789595 22515.2 245
1727982799644 22515.2 246
1727982809694 22515.2 247
1727982820011 22515.2 248
1727982830758 22515.2 249
1727982840886 22515.2 250
1727982851281 22515.2 251
1727982861328 22515.2 252
1727982871374 22515.2 253
1727982881571 22515.2 254
1727982892089 22515.2 255
1727982902560 22515.2 256
1727982912793 22515.2 257
1727982923010 22515.2 258
1727982933273 22515.2 259
1727982943438 22515.2 260
1727982953489 22515.2 261
1727982963536 22515.2 262
1727982973620 22515.2 263
1727982983863 22515.2 264
1727982994291 22515.2 265
1727983004335 22515.2 266
1727983015059 22515.2 267
1727983025617 22515.2 268
1727983036124 22515.2 269
1727983046244 22515.2 270
1727983056293 22515.2 271
1727983066824 22515.2 272
1727983076873 22515.2 273
1727983087031 22515.2 274
1727983097617 22515.2 275
1727983107848 22515.2 276
1727983118087 22515.2 277
1727983128145 22515.2 278
1727983138197 22515.2 279
1727983148244 22515.2 280
1727983158477 22515.2 281
1727983168613 22515.2 282
1727983178992 22515.2 283
1727983189148 22515.2 284
1727983199223 22515.2 285
1727983209431 22515.2 286
1727983220116 22515.2 287
1727983230633 22515.2 288
1727983240720 22515.2 289
1727983250783 22515.2 290
1727983260835 22515.2 291
1727983270886 22515.2 292
1727983281094 22515.2 293
1727983291283 22515.2 294
1727983301442 22515.2 295
1727983311715 22515.2 296
1727983322082 22515.2 297
1727983332310 22515.2 298
1727983342891 22515.2 299
1727983353386 22515.2 300
1727983363731 22515.2 301
1727983374321 22515.2 302
1727983385000 22515.2 303
1727983395057 22515.2 304
1727983405107 22515.2 305
1727983415155 22515.2 306
1727983425204 22515.2 307
1727983435252 22515.2 308
1727983445607 22515.2 309
1727983455864 22515.2 310
1727983465966 22515.2 311
1727983476163 22515.2 312
1727983486329 22515.2 313
1727983496897 22515.2 314
1727983507031 22515.2 315
1727983517079 22515.2 316
1727983527130 22515.2 317
1727983537182 22515.2 318
1727983547357 22515.2 319
1727983557743 22515.2 320
1727983567793 22515.2 321
1727983577844 22515.2 322
1727983587926 22515.2 323
1727983598010 22515.2 324
1727983608062 22515.2 325
1727983618244 22515.2 326
1727983628482 22515.2 327
1727983638647 22515.2 328
1727983648720 22515.2 329
1727983658773 22515.2 330
1727983668963 22515.2 331
1727983679030 22515.2 332
1727983689155 22515.2 333
1727983699276 22515.2 334
1727983709325 22515.2 335
1727983719503 22515.2 336
1727983729958 22515.2 337
1727983740906 22515.2 338
1727983752109 22515.2 339
1727983762199 22515.2 340
1727983772249 22515.2 341
1727983782298 22515.2 342
1727983792666 22515.2 343
1727983802802 22515.2 344
1727983812863 22515.2 345
1727983822930 22515.2 346
1727983833117 22515.2 347
1727983843556 22515.2 348
1727983853857 22515.2 349
1727983864075 22515.2 350
1727983875095 22515.2 351
1727983885264 22515.2 352
1727983895327 22515.2 353
1727983905378 22515.2 354
1727983915452 22515.2 355
1727983925513 22515.2 356
1727983935564 22515.2 357
1727983945612 22515.2 358
1727983955664 22515.2 359
1727983965905 22515.2 360
1727983976336 22515.2 361
1727983986388 22515.2 362
1727983996438 22515.2 363
1727984006708 22515.2 364
1727984016758 22515.2 365
1727984026806 22515.2 366
1727984036856 22515.2 367
1727984046909 22515.2 368
1727984057133 22515.2 369
1727984067217 22515.2 370
1727984077285 22515.2 371
1727984087397 22515.2 372
1727984097872 22515.2 373
1727984107982 22515.2 374
1727984118034 22515.2 375
1727984128229 22515.2 376
1727984138474 22515.2 377
1727984148875 22515.2 378
1727984158928 22515.2 379
1727984168985 22515.2 380
1727984179524 22515.2 381
1727984189797 22515.2 382
1727984199917 22515.2 383
1727984210020 22515.2 384
1727984220234 22515.2 385
1727984230616 22515.2 386
1727984240669 22515.2 387
1727984251083 22515.2 388
1727984261330 22515.2 389
1727984271412 22515.2 390
1727984281492 22515.2 391
1727984291712 22515.2 392
1727984301770 22515.2 393
1727984311861 22515.2 394
1727984321982 22515.2 395
1727984332041 22515.2 396
1727984342095 22515.2 397
1727984352160 22515.2 398
1727984362519 22515.2 399
1727984372828 22515.2 400
1727984383282 22515.2 401
1727984393487 22515.2 402
1727984404121 22515.2 403
1727984414277 22515.2 404
1727984424380 22515.2 405
1727984434587 22515.2 406
1727984444814 22515.2 407
1727984455121 22515.2 408
1727984465512 22515.2 409
1727984475939 22515.2 410
1727984485998 22515.2 411
1727984496052 22515.2 412
1727984506110 22515.2 413
1727984516164 22515.2 414
1727984526219 22515.2 415
1727984536420 22515.2 416
1727984546833 22515.2 417
1727984557053 22515.2 418
1727984567128 22515.2 419
1727984577190 22515.2 420
1727984587248 22515.2 421
1727984597303 22515.2 422
1727984607922 22515.2 423
1727984618364 22515.2 424
1727984628595 22515.2 425
1727984639260 22515.2 426
1727984649368 22515.2 427
1727984659532 22515.2 428
1727984669746 22515.2 429
1727984680071 22515.2 430
1727984690212 22515.2 431
1727984700398 22515.2 432
1727984710928 22515.2 433
1727984721252 22515.2 434
1727984731938 22515.2 435
1727984742076 22515.2 436
1727984752138 22515.2 437
1727984762580 22515.2 438
1727984773140 22515.2 439
1727984783364 22515.2 440
1727984793445 22515.2 441
1727984803574 22515.2 442
1727984813969 22515.2 443
1727984824560 22515.2 444
1727984835005 22515.2 445
1727984845204 22515.2 446
1727984855719 22515.2 447
1727984866124 22515.2 448
1727984876261 22515.2 449
1727984886623 22515.2 450
1727984896702 22515.2 451
1727984906908 22515.2 452
1727984917902 22515.2 453
1727984928430 22515.2 454
1727984938979 22515.2 455
1727984949158 22515.2 456
1727984959212 22515.2 457
1727984969270 22515.2 458
1727984979609 22515.2 459
1727984989664 22515.2 460
1727984999974 22515.2 461
1727985010487 22515.2 462
1727985020760 22515.2 463
1727985030904 22515.2 464
1727985041046 22515.2 465
1727985051260 22515.2 466
1727985061329 22515.2 467
1727985071457 22515.2 468
1727985081618 22515.2 469
1727985091670 22515.2 470
1727985101731 22515.2 471
1727985111963 22515.2 472
1727985122088 22515.2 473
1727985132198 22515.2 474
1727985142845 22515.2 475
1727985153220 22515.2 476
1727985163299 22515.2 477
1727985173464 22515.2 478
1727985183593 22515.2 479
1727985193674 22515.2 480
1727985203815 22515.2 481
1727985213999 22515.2 482
1727985224100 22515.2 483
1727985234196 22515.2 484
1727985244472 22515.2 485
1727985254550 22515.2 486
1727985264871 22515.2 487
1727985274955 22515.2 488
1727985285231 22515.2 489
1727985295325 22515.2 490
1727985305434 22515.2 491
1727985315516 22515.2 492
1727985325598 22515.2 493
1727985335898 22515.2 494
1727985346423 22515.2 495
1727985356556 22515.2 496
1727985366650 22515.2 497
1727985376973 22515.2 498
1727985387056 22515.2 499
1727985397144 22515.2 500
1727985407605 22515.2 501
1727985417711 22515.2 502
1727985427975 22515.2 503
1727985438108 22515.2 504
1727985448200 22515.2 505
1727985458329 22515.2 506
1727985468408 22515.2 507
1727985478472 22515.2 508
1727985488544 22515.2 509
1727985498603 22515.2 510
1727985508814 22515.2 511
1727985518934 22515.2 512
1727985529419 22515.2 513
1727985539478 22515.2 514
1727985549552 22515.2 515
1727985559612 22515.2 516
1727985569667 22515.2 517
