1727980287270 192195.2 0
1727980297323 192195.2 1
1727980307364 192195.2 2
1727980317402 192195.2 3
1727980327435 192195.2 4
1727980337469 192195.2 5
1727980347504 192195.2 6
1727980357540 192195.2 7
1727980367577 192195.2 8
1727980377614 192195.2 9
1727980387649 192195.2 10
1727980397686 192195.2 11
1727980407725 192195.2 12
1727980417762 192195.2 13
1727980427799 192195.2 14
1727980437839 192195.2 15
1727980447878 192195.2 16
1727980457917 192195.2 17
1727980467958 192195.2 18
1727980477998 192195.2 19
1727980488042 192195.2 20
1727980498136 192195.2 21
1727980508212 192195.2 22
1727980518251 192195.2 23
1727980528292 192195.2 24
1727980538331 192195.2 25
1727980548387 192195.2 26
1727980558428 192195.2 27
1727980568471 192195.2 28
1727980578511 192195.2 29
1727980588551 192195.2 30
1727980598589 192195.2 31
1727980608628 192195.2 32
1727980618667 192195.2 33
1727980628708 192195.2 34
1727980638766 192195.2 35
1727980648808 192195.2 36
1727980658870 192195.2 37
1727980668928 192195.2 38
1727980678971 192195.2 39
1727980689009 192195.2 40
1727980699049 192195.2 41
1727980709091 192195.2 42
1727980719132 192195.2 43
1727980729379 192195.2 44
1727980739695 192195.2 45
1727980749910 192195.2 46
1727980760466 192195.2 47
1727980770740 192195.2 48
1727980781110 192195.2 49
1727980791480 192195.2 50
1727980801808 192195.2 51
1727980812088 192195.2 52
1727980822130 192195.2 53
1727980832294 192195.2 54
1727980843408 192195.2 55
1727980853608 192195.2 56
1727980863659 192195.2 57
1727980873705 192195.2 58
1727980883751 192195.2 59
1727980893793 192195.2 60
1727980903834 192195.2 61
1727980913875 192195.2 62
1727980923921 192195.2 63
1727980933972 192195.2 64
1727980944010 192195.2 65
1727980954048 192195.2 66
1727980964111 192195.2 67
1727980974254 192195.2 68
1727980984340 192195.2 69
1727980994383 192195.2 70
1727981004425 192195.2 71
1727981014470 192195.2 72
1727981024524 192195.2 73
1727981034567 192195.2 74
1727981045477 192195.2 75
1727981055776 192195.2 76
1727981066002 192195.2 77
1727981076588 192195.2 78
1727981086855 192195.2 79
1727981096897 192195.2 80
1727981106964 192195.2 81
1727981117152 192195.2 82
1727981127353 192195.2 83
1727981137456 192195.2 84
1727981147780 192195.2 85
1727981157831 192195.2 86
1727981167872 192195.2 87
1727981177910 192195.2 88
1727981188248 192195.2 89
1727981198625 192195.2 90
1727981208680 192195.2 91
1727981219872 192195.2 92
1727981230709 192195.2 93
1727981241096 192195.2 94
1727981251138 192195.2 95
1727981261182 192195.2 96
1727981271236 192195.2 97
1727981281279 192195.2 98
1727981291325 192195.2 99
1727981301552 192195.2 100
1727981311636 192195.2 101
1727981321762 192195.2 102
1727981332462 192195.2 103
1727981342574 192195.2 104
1727981352617 192195.2 105
1727981362659 192195.2 106
1727981372968 192195.2 107
1727981383351 192195.2 108
1727981393397 192195.2 109
1727981403631 192195.2 110
1727981414199 192195.2 111
1727981424266 192195.2 112
1727981434308 192195.2 113
1727981444353 192195.2 114
1727981454555 192195.2 115
1727981465118 192195.2 116
1727981475566 192195.2 117
1727981485825 192195.2 118
1727981496630 192195.2 119
1727981507012 192195.2 120
1727981517182 192195.2 121
1727981527528 192195.2 122
1727981537573 192195.2 123
1727981547613 192195.2 124
1727981557963 192195.2 125
1727981568475 192195.2 126
1727981578981 192195.2 127
1727981589462 192195.2 128
1727981599542 192195.2 129
1727981609811 192195.2 130
1727981619854 192195.2 131
1727981629906 192195.2 132
1727981640166 192195.2 133
1727981650420 192195.2 134
1727981660522 192195.2 135
1727981670602 192195.2 136
1727981680918 192195.2 137
1727981691413 192195.2 138
1727981701456 192195.2 139
1727981711500 192195.2 140
1727981721666 192195.2 141
1727981731713 192195.2 142
1727981741767 192195.2 143
1727981751812 192195.2 144
1727981761855 192195.2 145
1727981771913 192195.2 146
1727981782680 192195.2 147
1727981793055 192195.2 148
1727981803513 192195.2 149
1727981813898 192195.2 150
1727981824174 192195.2 151
1727981834712 192195.2 152
1727981845229 192195.2 153
1727981855663 192195.2 154
1727981865858 192195.2 155
1727981876386 192195.2 156
1727981886772 192195.2 157
1727981896816 192195.2 158
1727981907118 192195.2 159
1727981917360 192195.2 160
1727981927651 192195.2 161
1727981937695 192195.2 162
1727981947744 192195.2 163
1727981957790 192195.2 164
1727981968366 192195.2 165
1727981978755 192195.2 166
1727981988799 192195.2 167
1727981998844 192195.2 168
1727982009051 192195.2 169
1727982019603 192195.2 170
1727982030168 192195.2 171
1727982040262 192195.2 172
1727982050485 192195.2 173
1727982060901 192195.2 174
1727982070945 192195.2 175
1727982081038 192195.2 176
1727982091089 192195.2 177
1727982101136 192195.2 178
1727982111181 192195.2 179
1727982121227 192195.2 180
1727982131271 192195.2 181
1727982141519 192195.2 182
1727982152661 192195.2 183
1727982163098 192195.2 184
1727982173145 192195.2 185
1727982183373 192195.2 186
1727982194035 192195.2 187
1727982204296 192195.2 188
1727982214919 192195.2 189
1727982225220 192195.2 190
1727982235526 192195.2 191
1727982245756 192195.2 192
1727982256428 192195.2 193
1727982266961 192195.2 194
1727982277431 192195.2 195
1727982287677 192195.2 196
1727982297731 192195.2 197
1727982307776 192195.2 198
1727982317827 192195.2 199
1727982327880 192195.2 200
1727982337927 192195.2 201
1727982347975 192195.2 202
1727982358182 192195.2 203
1727982368571 192195.2 204
1727982378616 192195.2 205
1727982388674 192195.2 206
1727982398889 192195.2 207
1727982409271 192195.2 208
1727982419462 192195.2 209
1727982429805 192195.2 210
1727982439977 192195.2 211
1727982450364 192195.2 212
1727982461051 192195.2 213
1727982471121 192195.2 214
1727982481323 192195.2 215
1727982491567 192195.2 216
1727982502040 192195.2 217
1727982512136 192195.2 218
1727982522185 192195.2 219
1727982532229 192195.2 220
1727982542479 192195.2 221
1727982553021 192195.2 222
1727982563443 192195.2 223
1727982573667 192195.2 224
1727982584057 192195.2 225
1727982594102 192195.2 226
1727982604147 192195.2 227
1727982614314 192195.2 228
1727982624702 192195.2 229
1727982634745 192195.2 230
1727982645617 192195.2 231
1727982655745 192195.2 232
1727982665940 192195.2 233
1727982676652 192195.2 234
1727982687040 192195.2 235
1727982697431 192195.2 236
1727982708073 192195.2 237
1727982718463 192195.2 238
1727982728857 192195.2 239
1727982739075 192195.2 240
1727982749297 192195.2 241
1727982759451 192195.2 242
1727982769501 192195.2 243
1727982779549 192195.2 244
1727982789595 192195.2 245
1727982799644 192195.2 246
1727982809694 192195.2 247
1727982820011 192195.2 248
1727982830758 192195.2 249
1727982840886 192195.2 250
1727982851281 192195.2 251
1727982861328 192195.2 252
1727982871374 192195.2 253
1727982881571 192195.2 254
1727982892089 192195.2 255
1727982902560 192195.2 256
1727982912793 192195.2 257
1727982923010 192195.2 258
1727982933273 192195.2 259
1727982943438 192195.2 260
1727982953489 192195.2 261
1727982963536 192195.2 262
1727982973620 192195.2 263
1727982983863 192195.2 264
1727982994291 192195.2 265
1727983004335 192195.2 266
1727983015059 192195.2 267
1727983025617 192195.2 268
1727983036124 192195.2 269
1727983046244 192195.2 270
1727983056293 192195.2 271
1727983066824 192195.2 272
1727983076873 192195.2 273
1727983087031 192195.2 274
1727983097617 192195.2 275
1727983107848 192195.2 276
1727983118087 192195.2 277
1727983128145 192195.2 278
1727983138197 192195.2 279
1727983148244 192195.2 280
1727983158477 192195.2 281
1727983168613 192195.2 282
1727983178992 192195.2 283
1727983189148 192195.2 284
1727983199223 192195.2 285
1727983209431 192195.2 286
1727983220116 192195.2 287
1727983230633 192195.2 288
1727983240720 192195.2 289
1727983250783 192195.2 290
1727983260835 192195.2 291
1727983270886 192195.2 292
1727983281094 192195.2 293
1727983291283 192195.2 294
1727983301442 192195.2 295
1727983311715 192195.2 296
1727983322082 192195.2 297
1727983332310 192195.2 298
1727983342891 192195.2 299
1727983353386 192195.2 300
1727983363731 192195.2 301
1727983374321 192195.2 302
1727983385000 192195.2 303
1727983395057 192195.2 304
1727983405107 192195.2 305
1727983415155 192195.2 306
1727983425204 192195.2 307
1727983435252 192195.2 308
1727983445607 192195.2 309
1727983455864 192195.2 310
1727983465966 192195.2 311
1727983476163 192195.2 312
1727983486329 192195.2 313
1727983496897 192195.2 314
1727983507031 192195.2 315
1727983517079 192195.2 316
1727983527130 192195.2 317
1727983537182 192195.2 318
1727983547357 192195.2 319
1727983557743 192195.2 320
1727983567793 192195.2 321
1727983577844 192195.2 322
1727983587926 192195.2 323
1727983598010 192195.2 324
1727983608062 192195.2 325
1727983618244 192195.2 326
1727983628482 192195.2 327
1727983638647 192195.2 328
1727983648720 192195.2 329
1727983658773 192195.2 330
1727983668963 192195.2 331
1727983679030 192195.2 332
1727983689155 192195.2 333
1727983699276 192195.2 334
1727983709325 192195.2 335
1727983719503 192195.2 336
1727983729958 192195.2 337
1727983740906 192195.2 338
1727983752109 192195.2 339
1727983762199 192195.2 340
1727983772249 192195.2 341
1727983782298 192195.2 342
1727983792666 192195.2 343
1727983802802 192195.2 344
1727983812863 192195.2 345
1727983822930 192195.2 346
1727983833117 192195.2 347
1727983843556 192195.2 348
1727983853857 192195.2 349
1727983864075 192195.2 350
1727983875095 192195.2 351
1727983885264 192195.2 352
1727983895327 192195.2 353
1727983905378 192195.2 354
1727983915452 192195.2 355
1727983925513 192195.2 356
1727983935564 192195.2 357
1727983945612 192195.2 358
1727983955664 192195.2 359
1727983965905 192195.2 360
1727983976336 192195.2 361
1727983986388 192195.2 362
1727983996438 192195.2 363
1727984006708 192195.2 364
1727984016758 192195.2 365
1727984026806 192195.2 366
1727984036856 192195.2 367
1727984046909 192195.2 368
1727984057133 192195.2 369
1727984067217 192195.2 370
1727984077285 192195.2 371
1727984087397 192195.2 372
1727984097872 192195.2 373
1727984107982 192195.2 374
1727984118034 192195.2 375
1727984128229 192195.2 376
1727984138474 192195.2 377
1727984148875 192195.2 378
1727984158928 192195.2 379
1727984168985 192195.2 380
1727984179524 192195.2 381
1727984189797 192195.2 382
1727984199917 192195.2 383
1727984210020 192195.2 384
1727984220234 192195.2 385
1727984230616 192195.2 386
1727984240669 192195.2 387
1727984251083 192195.2 388
1727984261330 192195.2 389
1727984271412 192195.2 390
1727984281492 192195.2 391
1727984291712 192195.2 392
1727984301770 192195.2 393
1727984311861 192195.2 394
1727984321982 192195.2 395
1727984332041 192195.2 396
1727984342095 192195.2 397
1727984352160 192195.2 398
1727984362519 192195.2 399
1727984372828 192195.2 400
1727984383282 192195.2 401
1727984393487 192195.2 402
1727984404121 192195.2 403
1727984414277 192195.2 404
1727984424380 192195.2 405
1727984434587 192195.2 406
1727984444814 192195.2 407
1727984455121 192195.2 408
1727984465512 192195.2 409
1727984475939 192195.2 410
1727984485998 192195.2 411
1727984496052 192195.2 412
1727984506110 192195.2 413
1727984516164 192195.2 414
1727984526219 192195.2 415
1727984536420 192195.2 416
1727984546833 192195.2 417
1727984557053 192195.2 418
1727984567128 192195.2 419
1727984577190 192195.2 420
1727984587248 192195.2 421
1727984597303 192195.2 422
1727984607922 192195.2 423
1727984618364 192195.2 424
1727984628595 192195.2 425
1727984639260 192195.2 426
1727984649368 192195.2 427
1727984659532 192195.2 428
1727984669746 192195.2 429
1727984680071 192195.2 430
1727984690212 192195.2 431
1727984700398 192195.2 432
1727984710928 192195.2 433
1727984721252 192195.2 434
1727984731938 192195.2 435
1727984742076 192195.2 436
1727984752138 192195.2 437
1727984762580 192195.2 438
1727984773140 192195.2 439
1727984783364 192195.2 440
1727984793445 192195.2 441
1727984803574 192195.2 442
1727984813969 192195.2 443
1727984824560 192195.2 444
1727984835005 192195.2 445
1727984845204 192195.2 446
1727984855719 192195.2 447
1727984866124 192195.2 448
1727984876261 192195.2 449
1727984886623 192195.2 450
1727984896702 192195.2 451
1727984906908 192195.2 452
1727984917902 192195.2 453
1727984928430 192195.2 454
1727984938979 192195.2 455
1727984949158 192195.2 456
1727984959212 192195.2 457
1727984969270 192195.2 458
1727984979609 192195.2 459
1727984989664 192195.2 460
1727984999974 192195.2 461
1727985010487 192195.2 462
1727985020760 192195.2 463
1727985030904 192195.2 464
1727985041046 192195.2 465
1727985051260 192195.2 466
1727985061329 192195.2 467
1727985071457 192195.2 468
1727985081618 192195.2 469
1727985091670 192195.2 470
1727985101731 192195.2 471
1727985111963 192195.2 472
1727985122088 192195.2 473
1727985132198 192195.2 474
1727985142845 192195.2 475
1727985153220 192195.2 476
1727985163299 192195.2 477
1727985173464 192195.2 478
1727985183593 192195.2 479
1727985193674 192195.2 480
1727985203815 192195.2 481
1727985213999 192195.2 482
1727985224100 192195.2 483
1727985234196 192195.2 484
1727985244472 192195.2 485
1727985254550 192195.2 486
1727985264871 192195.2 487
1727985274955 192195.2 488
1727985285231 192195.2 489
1727985295325 192195.2 490
1727985305434 192195.2 491
1727985315516 192195.2 492
1727985325598 192195.2 493
1727985335898 192195.2 494
1727985346423 192195.2 495
1727985356556 192195.2 496
1727985366650 192195.2 497
1727985376973 192195.2 498
1727985387056 192195.2 499
1727985397144 192195.2 500
1727985407605 192195.2 501
1727985417711 192195.2 502
1727985427975 192195.2 503
1727985438108 192195.2 504
1727985448200 192195.2 505
1727985458329 192195.2 506
1727985468408 192195.2 507
1727985478472 192195.2 508
1727985488544 192195.2 509
1727985498603 192195.2 510
1727985508814 192195.2 511
1727985518934 192195.2 512
1727985529419 192195.2 513
1727985539478 192195.2 514
1727985549552 192195.2 515
1727985559612 192195.2 516
1727985569667 192195.2 517
