1727980287270 0.005618005990982056 0
1727980297323 15.44190201163292 1
1727980307364 30.895516008138657 2
1727980317402 47.3272890150547 3
1727980327435 62.87558701634407 4
1727980337469 77.81975701451302 5
1727980347504 92.24651500582695 6
1727980357540 107.77811801433563 7
1727980367577 123.06297099590302 8
1727980377614 137.69161900877953 9
1727980387649 153.38029101490974 10
1727980397686 168.8082680106163 11
1727980407725 185.43615600466728 12
1727980417762 202.7324100136757 13
1727980427799 219.79611200094223 14
1727980437839 236.59989100694656 15
1727980447878 253.47718399763107 16
1727980457917 269.14325401186943 17
1727980467958 285.9158619940281 18
1727980477998 301.7967030107975 19
1727980488042 318.5251940190792 20
1727980498136 334.9649220108986 21
1727980508212 351.8158410191536 22
1727980518251 368.20064601302147 23
1727980528292 384.00467202067375 24
1727980538331 400.8836080133915 25
1727980548387 417.3089750111103 26
1727980558428 433.3793469965458 27
1727980568471 448.806647002697 28
1727980578511 465.5597380101681 29
1727980588551 482.3008590042591 30
1727980598589 499.3020749986172 31
1727980608628 515.6297350227833 32
1727980618667 532.4149140119553 33
1727980628708 549.3798609972 34
1727980638766 565.9025730192661 35
1727980648808 582.8710020184517 36
1727980658870 598.4754680097103 37
1727980668928 614.6178350150585 38
1727980678971 631.0694770216942 39
1727980689009 647.9504060149193 40
1727980699049 663.9108590185642 41
1727980709091 680.8114690184593 42
1727980719132 697.3296410143375 43
1727980729379 713.3039800226688 44
1727980739695 730.3276250064373 45
1727980749910 746.2664709985256 46
1727980760466 762.4759089946747 47
1727980770740 778.7055270075798 48
1727980781110 794.8476909995079 49
1727980791480 811.3997520208359 50
1727980801808 827.5709049999714 51
1727980812088 843.9106640219688 52
1727980822130 860.1589280068874 53
1727980832294 876.204107016325 54
1727980843408 892.0060079991817 55
1727980853608 910.2365359961987 56
1727980863659 925.6390050053596 57
1727980873705 941.0801720023155 58
1727980883751 956.5019560158253 59
1727980893793 972.3687919974327 60
1727980903834 988.4696719944477 61
1727980913875 1002.2889180183411 62
1727980923921 1018.265006005764 63
1727980933972 1034.53241699934 64
1727980944010 1050.5783590078354 65
1727980954048 1065.931462019682 66
1727980964111 1081.5277840197086 67
1727980974254 1097.3045620024204 68
1727980984340 1112.6611170172691 69
1727980994383 1129.0416260063648 70
1727981004425 1145.3083690106869 71
1727981014470 1160.5400150120258 72
1727981024524 1176.4657210111618 73
1727981034567 1192.8037720024586 74
1727981045477 1208.7091020047665 75
1727981055776 1226.0781600177288 76
1727981066002 1242.1537500023842 77
1727981076588 1259.3088050186634 78
1727981086855 1275.5238270163536 79
1727981096897 1291.1686159968376 80
1727981106964 1306.8055849969387 81
1727981117152 1323.5463370084763 82
1727981127353 1340.5052289962769 83
1727981137456 1356.7822549939156 84
1727981147780 1372.5835410058498 85
1727981157831 1389.161101013422 86
1727981167872 1404.7098570168018 87
1727981177910 1420.130021005869 88
1727981188248 1434.883790999651 89
1727981198625 1452.4912219941616 90
1727981208680 1468.317634999752 91
1727981219872 1484.1694730222225 92
1727981230709 1502.2336339950562 93
1727981241096 1520.1486360132694 94
1727981251138 1536.062709003687 95
1727981261182 1551.8930390179157 96
1727981271236 1567.4600329995155 97
1727981281279 1581.479674011469 98
1727981291325 1597.1982380151749 99
1727981301552 1613.3657439947128 100
1727981311636 1629.684267014265 101
1727981321762 1645.955778002739 102
1727981332462 1662.5541520118713 103
1727981342574 1679.5882599949837 104
1727981352617 1695.844086021185 105
1727981362659 1712.0607540011406 106
1727981372968 1728.124754011631 107
1727981383351 1744.7597199976444 108
1727981393397 1760.5706930160522 109
1727981403631 1776.067432999611 110
1727981414199 1791.8801290094852 111
1727981424266 1808.5870720148087 112
1727981434308 1824.3106950223446 113
1727981444353 1840.260940015316 114
1727981454555 1856.136022001505 115
1727981465118 1872.4752910137177 116
1727981475566 1889.319571018219 117
1727981485825 1904.9238429963589 118
1727981496630 1921.3026530146599 119
1727981507012 1938.1091440021992 120
1727981517182 1953.896841019392 121
1727981527528 1970.947760015726 122
1727981537573 1987.0591250061989 123
1727981547613 2002.1657810211182 124
1727981557963 2014.654763996601 125
1727981568475 2032.11507999897 126
1727981578981 2048.8023430109024 127
1727981589462 2065.1537699997425 128
1727981599542 2080.2454980015755 129
1727981609811 2095.852152019739 130
1727981619854 2112.136788994074 131
1727981629906 2123.850306004286 132
1727981640166 2139.9161120057106 133
1727981650420 2156.5208080112934 134
1727981660522 2173.034737020731 135
1727981670602 2189.433346003294 136
1727981680918 2205.265128016472 137
1727981691413 2222.5112270116806 138
1727981701456 2237.1670449972153 139
1727981711500 2253.0287440121174 140
1727981721666 2268.4533530175686 141
1727981731713 2284.0151180028915 142
1727981741767 2297.248610019684 143
1727981751812 2314.21817702055 144
1727981761855 2330.276478022337 145
1727981771913 2346.7416779994965 146
1727981782680 2362.8439190089703 147
1727981793055 2378.998620003462 148
1727981803513 2390.95352101326 149
1727981813898 2405.4286800026894 150
1727981824174 2421.4624240100384 151
1727981834712 2437.0676670074463 152
1727981845229 2452.707011014223 153
1727981855663 2469.108541995287 154
1727981865858 2484.58202201128 155
1727981876386 2501.389200001955 156
1727981886772 2517.24666801095 157
1727981896816 2533.0445640087128 158
1727981907118 2547.9365160167217 159
1727981917360 2565.094656020403 160
1727981927651 2581.9095570147038 161
1727981937695 2598.604517996311 162
1727981947744 2614.3657290041447 163
1727981957790 2629.5140060186386 164
1727981968366 2644.7719590067863 165
1727981978755 2661.4958340227604 166
1727981988799 2677.265011996031 167
1727981998844 2693.397276997566 168
1727982009051 2709.212487012148 169
1727982019603 2726.1438890099525 170
1727982030168 2742.57093000412 171
1727982040262 2758.9189790189266 172
1727982050485 2773.848758995533 173
1727982060901 2789.179251998663 174
1727982070945 2805.5828250050545 175
1727982081038 2822.3779950141907 176
1727982091089 2838.826941013336 177
1727982101136 2853.6897230148315 178
1727982111181 2871.0697880089283 179
1727982121227 2887.181712001562 180
1727982131271 2904.0620160102844 181
1727982141519 2919.7259650230408 182
1727982152661 2936.2437460124493 183
1727982163098 2954.092212021351 184
1727982173145 2969.7479870021343 185
1727982183373 2985.9625270068645 186
1727982194035 3001.674354016781 187
1727982204296 3017.8083270192146 188
1727982214919 3033.9121060073376 189
1727982225220 3049.9702489972115 190
1727982235526 3066.379236012697 191
1727982245756 3081.838185995817 192
1727982256428 3098.1860280036926 193
1727982266961 3114.8689309954643 194
1727982277431 3130.777891010046 195
1727982287677 3146.39247700572 196
1727982297731 3163.13195002079 197
1727982307776 3178.3932320177555 198
1727982317827 3194.295780003071 199
1727982327880 3211.146951019764 200
1727982337927 3226.27892100811 201
1727982347975 3242.3909900188446 202
1727982358182 3258.2674359977245 203
1727982368571 3275.475683003664 204
1727982378616 3291.811415016651 205
1727982388674 3308.1362560093403 206
1727982398889 3325.5928440093994 207
1727982409271 3343.593421012163 208
1727982419462 3360.1390230059624 209
1727982429805 3377.0781719982624 210
1727982439977 3393.5534610152245 211
1727982450364 3410.741567015648 212
1727982461051 3426.7743459939957 213
1727982471121 3443.6307680010796 214
1727982481323 3460.6199130117893 215
1727982491567 3477.281586021185 216
1727982502040 3494.281776994467 217
1727982512136 3510.749830007553 218
1727982522185 3526.949530005455 219
1727982532229 3542.2017740011215 220
1727982542479 3557.3076570034027 221
1727982553021 3573.5810660123825 222
1727982563443 3590.0849460065365 223
1727982573667 3606.0486720204353 224
1727982584057 3622.6831420063972 225
1727982594102 3639.0175520181656 226
1727982604147 3654.726204007864 227
1727982614314 3670.1787840127945 228
1727982624702 3687.2350310087204 229
1727982634745 3699.7850040197372 230
1727982645617 3716.1861720085144 231
1727982655745 3733.7856230139732 232
1727982665940 3749.658854007721 233
1727982676652 3766.96749702096 234
1727982687040 3783.4928109943867 235
1727982697431 3800.1838639974594 236
1727982708073 3815.879198998213 237
1727982718463 3833.1691659986973 238
1727982728857 3849.833622008562 239
1727982739075 3865.339994996786 240
1727982749297 3881.282303005457 241
1727982759451 3897.481700003147 242
1727982769501 3913.2980290055275 243
1727982779549 3929.42525100708 244
1727982789595 3945.6579860150814 245
1727982799644 3961.0953270196915 246
1727982809694 3977.3895370066166 247
1727982820011 3993.6180309951305 248
1727982830758 4011.2448610067368 249
1727982840886 4026.6561990082264 250
1727982851281 4043.8839749991894 251
1727982861328 4059.325533002615 252
1727982871374 4075.692169994116 253
1727982881571 4092.162493020296 254
1727982892089 4109.44894900918 255
1727982902560 4126.787827014923 256
1727982912793 4142.544046014547 257
1727982923010 4159.246264010668 258
1727982933273 4174.986349016428 259
1727982943438 4190.823041021824 260
1727982953489 4207.239006012678 261
1727982963536 4223.225186020136 262
1727982973620 4238.495063006878 263
1727982983863 4255.087662011385 264
1727982994291 4272.020536005497 265
1727983004335 4287.532512009144 266
1727983015059 4303.067800998688 267
1727983025617 4320.502732008696 268
1727983036124 4337.854888021946 269
1727983046244 4354.218947023153 270
1727983056293 4369.960074007511 271
1727983066824 4385.991512000561 272
1727983076873 4402.090930014849 273
1727983087031 4417.854908019304 274
1727983097617 4434.36262100935 275
1727983107848 4448.970470011234 276
1727983118087 4466.014540016651 277
1727983128145 4482.680786013603 278
1727983138197 4494.4218400120735 279
1727983148244 4495.17816901207 280
1727983158477 4495.4411100149155 281
1727983168613 4495.881983011961 282
1727983178992 4496.341616004705 283
1727983189148 4497.759230017662 284
1727983199223 4498.763247013092 285
1727983209431 4499.349486023188 286
1727983220116 4500.047098010778 287
1727983230633 4501.0782490074635 288
1727983240720 4501.880201011896 289
1727983250783 4502.654224008322 290
1727983260835 4503.554902017117 291
1727983270886 4504.352165013552 292
1727983281094 4505.3507630229 293
1727983291283 4506.331612020731 294
1727983301442 4507.338315010071 295
1727983311715 4508.183853000402 296
1727983322082 4509.852114021778 297
1727983332310 4510.700446009636 298
1727983342891 4511.1507820189 299
1727983353386 4512.183322995901 300
1727983363731 4512.9849700033665 301
1727983374321 4514.389533013105 302
1727983385000 4514.966825008392 303
1727983395057 4516.313306003809 304
1727983405107 4517.110727012157 305
1727983415155 4518.771746009588 306
1727983425204 4519.78949201107 307
1727983435252 4521.403144001961 308
1727983445607 4521.908282011747 309
1727983455864 4523.052713006735 310
1727983465966 4524.0910339951515 311
1727983476163 4524.743908017874 312
1727983486329 4525.905401021242 313
1727983496897 4526.993751019239 314
1727983507031 4527.7377490103245 315
1727983517079 4529.324719011784 316
1727983527130 4529.871964007616 317
1727983537182 4530.931253999472 318
1727983547357 4532.304935008287 319
1727983557743 4533.459309995174 320
1727983567793 4535.230096012354 321
1727983577844 4535.813012003899 322
1727983587926 4536.476036012173 323
1727983598010 4538.249570012093 324
1727983608062 4538.927191019058 325
1727983618244 4539.980054020882 326
1727983628482 4541.030808001757 327
1727983638647 4542.15155801177 328
1727983648720 4543.195011019707 329
1727983658773 4544.016447007656 330
1727983668963 4545.226903021336 331
1727983679030 4546.2631350159645 332
1727983689155 4547.352913022041 333
1727983699276 4547.8147230148315 334
1727983709325 4548.441950023174 335
1727983719503 4549.630176007748 336
1727983729958 4550.7796140015125 337
1727983740906 4551.760018020868 338
1727983752109 4552.1730400025845 339
1727983762199 4553.298298001289 340
1727983772249 4554.092691004276 341
1727983782298 4555.0990079939365 342
1727983792666 4556.201808005571 343
1727983802802 4556.652927994728 344
1727983812863 4557.769879996777 345
1727983822930 4558.634579002857 346
1727983833117 4560.049130022526 347
1727983843556 4561.184281021357 348
1727983853857 4562.413373023272 349
1727983864075 4563.345093011856 350
1727983875095 4564.1264880001545 351
1727983885264 4565.282439023256 352
1727983895327 4566.0886190235615 353
1727983905378 4567.536061018705 354
1727983915452 4567.8199400007725 355
1727983925513 4568.115318000317 356
1727983935564 4568.412636995316 357
1727983945612 4568.691927015781 358
1727983955664 4568.990853011608 359
1727983965905 4570.0536360144615 360
1727983976336 4571.977067023516 361
1727983986388 4572.797675997019 362
1727983996438 4574.462229013443 363
1727984006708 4575.624999016523 364
1727984016758 4576.994413018227 365
1727984026806 4578.46528300643 366
1727984036856 4580.23939999938 367
1727984046909 4580.807548999786 368
1727984057133 4581.931181013584 369
1727984067217 4583.015634000301 370
1727984077285 4584.15748000145 371
1727984087397 4584.937609016895 372
1727984097872 4586.102563023567 373
1727984107982 4587.249944001436 374
1727984118034 4587.614175021648 375
1727984128229 4588.5475470125675 376
1727984138474 4589.026951998472 377
1727984148875 4590.384586006403 378
1727984158928 4591.46428000927 379
1727984168985 4592.634793996811 380
1727984179524 4593.300732016563 381
1727984189797 4594.353067010641 382
1727984199917 4595.867873996496 383
1727984210020 4596.956806004047 384
1727984220234 4597.467958003283 385
1727984230616 4599.017901003361 386
1727984240669 4600.294915020466 387
1727984251083 4601.21026802063 388
1727984261330 4601.7369330227375 389
1727984271412 4603.055620998144 390
1727984281492 4604.604055017233 391
1727984291712 4606.549783021212 392
1727984301770 4608.108292996883 393
1727984311861 4608.778391003609 394
1727984321982 4609.64801800251 395
1727984332041 4610.490076005459 396
1727984342095 4611.251634001732 397
1727984352160 4612.457482010126 398
1727984362519 4613.817221015692 399
1727984372828 4614.29250100255 400
1727984383282 4614.737861007452 401
1727984393487 4615.993176013231 402
1727984404121 4616.82255500555 403
1727984414277 4617.503392010927 404
1727984424380 4618.1652970016 405
1727984434587 4619.441278010607 406
1727984444814 4619.795451998711 407
1727984455121 4621.006689012051 408
1727984465512 4621.346749007702 409
1727984475939 4622.55209299922 410
1727984485998 4623.010114014149 411
1727984496052 4624.333526015282 412
1727984506110 4625.727304011583 413
1727984516164 4627.46853402257 414
1727984526219 4628.698624014854 415
1727984536420 4629.687079995871 416
1727984546833 4631.725268006325 417
1727984557053 4632.365752995014 418
1727984567128 4634.31700900197 419
1727984577190 4635.75328502059 420
1727984587248 4636.523092001677 421
1727984597303 4637.754206001759 422
1727984607922 4638.980940014124 423
1727984618364 4640.186872005463 424
1727984628595 4642.062195003033 425
1727984639260 4642.933683007956 426
1727984649368 4643.651222020388 427
1727984659532 4644.345414996147 428
1727984669746 4645.240519016981 429
1727984680071 4646.090091019869 430
1727984690212 4646.866448998451 431
1727984700398 4647.6838420033455 432
1727984710928 4648.887461006641 433
1727984721252 4649.5746540129185 434
1727984731938 4650.567048996687 435
1727984742076 4651.873071014881 436
1727984752138 4652.910867005587 437
1727984762580 4654.015202015638 438
1727984773140 4655.359865009785 439
1727984783364 4656.245581001043 440
1727984793445 4657.936513006687 441
1727984803574 4658.395380020142 442
1727984813969 4659.584942013025 443
1727984824560 4661.059792995453 444
1727984835005 4662.6230300068855 445
1727984845204 4663.332612007856 446
1727984855719 4664.253828018904 447
1727984866124 4665.327047020197 448
1727984876261 4666.1557160019875 449
1727984886623 4667.556960999966 450
1727984896702 4668.416460007429 451
1727984906908 4669.465266019106 452
1727984917902 4669.97868001461 453
1727984928430 4670.501101016998 454
1727984938979 4671.815908998251 455
1727984949158 4672.721999019384 456
1727984959212 4674.694344013929 457
1727984969270 4675.30273899436 458
1727984979609 4676.571469008923 459
1727984989664 4677.93921199441 460
1727984999974 4679.028890997171 461
1727985010487 4679.564007014036 462
1727985020760 4680.878022998571 463
1727985030904 4681.26738601923 464
1727985041046 4682.593890994787 465
1727985051260 4684.179082006216 466
1727985061329 4684.707166016102 467
1727985071457 4686.391449004412 468
1727985081618 4687.358227998018 469
1727985091670 4688.514063000679 470
1727985101731 4689.114392995834 471
1727985111963 4691.026608020067 472
1727985122088 4692.323146015406 473
1727985132198 4693.045031011105 474
1727985142845 4694.024450004101 475
1727985153220 4695.433181017637 476
1727985163299 4696.896322995424 477
1727985173464 4697.996808022261 478
1727985183593 4698.688771009445 479
1727985193674 4700.766883999109 480
1727985203815 4701.593178004026 481
1727985213999 4701.951618999243 482
1727985224100 4702.552632004023 483
1727985234196 4703.06411999464 484
1727985244472 4703.393914014101 485
1727985254550 4703.934999018908 486
1727985264871 4704.301494002342 487
1727985274955 4704.637603014708 488
1727985285231 4705.016710996628 489
1727985295325 4705.734519004822 490
1727985305434 4706.070186018944 491
1727985315516 4706.410489022732 492
1727985325598 4706.757054001093 493
1727985335898 4707.100872009993 494
1727985346423 4707.505850017071 495
1727985356556 4707.857555001974 496
1727985366650 4708.20472201705 497
1727985376973 4708.54270902276 498
1727985387056 4708.882638007402 499
1727985397144 4709.227472007275 500
1727985407605 4709.613432019949 501
1727985417711 4709.958439022303 502
1727985427975 4710.292578011751 503
1727985438108 4710.64825502038 504
1727985448200 4710.986138999462 505
1727985458329 4711.336691021919 506
1727985468408 4711.718675017357 507
1727985478472 4712.060566008091 508
1727985488544 4712.5777070224285 509
1727985498603 4712.914816021919 510
1727985508814 4713.271257996559 511
1727985518934 4713.604945003986 512
1727985529419 4713.993575006723 513
1727985539478 4714.340879023075 514
1727985549552 4714.6888889968395 515
1727985559612 4715.034474015236 516
1727985569667 4715.372999995947 517
