1727980287270 0.10067000985145569 0
1727980297323 14.599128991365433 1
1727980307364 29.273122996091843 2
1727980317402 44.412333995103836 3
1727980327435 58.94394001364708 4
1727980337469 73.13029098510742 5
1727980347504 86.91032201051712 6
1727980357540 101.40523999929428 7
1727980367577 115.49294099211693 8
1727980377614 129.3232370018959 9
1727980387649 143.87729999423027 10
1727980397686 158.3804369866848 11
1727980407725 174.11559998989105 12
1727980417762 190.43867498636246 13
1727980427799 206.18338000774384 14
1727980437839 222.30028200149536 15
1727980447878 238.15718698501587 16
1727980457917 252.9420520067215 17
1727980467958 268.61989399790764 18
1727980477998 283.2960979938507 19
1727980488042 299.0593540072441 20
1727980498136 314.5578039884567 21
1727980508212 330.50681298971176 22
1727980518251 345.7267160117626 23
1727980528292 360.8430759906769 24
1727980538331 376.7403799891472 25
1727980548387 391.9319359958172 26
1727980558428 406.89694398641586 27
1727980568471 421.40239599347115 28
1727980578511 437.0745570063591 29
1727980588551 452.66497498750687 30
1727980598589 468.63810899853706 31
1727980608628 483.894484013319 32
1727980618667 499.4322350025177 33
1727980628708 515.4513669908047 34
1727980638766 530.8504039943218 35
1727980648808 546.6899630129337 36
1727980658870 561.3091799914837 37
1727980668928 576.4106740057468 38
1727980678971 591.8583509922028 39
1727980689009 607.7638190090656 40
1727980699049 622.9110159873962 41
1727980709091 638.7866500020027 42
1727980719132 654.0073370039463 43
1727980729379 669.1269490122795 44
1727980739695 685.3481209874153 45
1727980749910 700.2862629890442 46
1727980760466 715.1626569926739 47
1727980770740 730.5805340111256 48
1727980781110 746.038291990757 49
1727980791480 761.6315349936485 50
1727980801808 776.9072079956532 51
1727980812088 792.6628049910069 52
1727980822130 808.0700739920139 53
1727980832294 823.113727003336 54
1727980843408 837.954861998558 55
1727980853608 854.6039400100708 56
1727980863659 869.2495320141315 57
1727980873705 883.908223003149 58
1727980883751 898.5220310091972 59
1727980893793 913.4781939983368 60
1727980903834 928.5280430018902 61
1727980913875 941.6145400106907 62
1727980923921 956.5840039849281 63
1727980933972 971.8558470010757 64
1727980944010 986.8883349895477 65
1727980954048 1001.3811469972134 66
1727980964111 1015.7800259888172 67
1727980974254 1030.8146989941597 68
1727980984340 1045.028816998005 69
1727980994383 1060.6323589980602 70
1727981004425 1075.7482329905033 71
1727981014470 1089.7889539897442 72
1727981024524 1104.7343580126762 73
1727981034567 1120.3328799903393 74
1727981045477 1135.4097490012646 75
1727981055776 1151.666381984949 76
1727981066002 1166.847903996706 77
1727981076588 1182.679365992546 78
1727981086855 1197.9459640085697 79
1727981096897 1212.7575289905071 80
1727981106964 1227.5636630058289 81
1727981117152 1243.153771996498 82
1727981127353 1259.179091989994 83
1727981137456 1274.3569790124893 84
1727981147780 1289.2150920033455 85
1727981157831 1304.7304979860783 86
1727981167872 1319.3066830039024 87
1727981177910 1333.6388860046864 88
1727981188248 1347.6585969924927 89
1727981198625 1364.296243995428 90
1727981208680 1378.9488390088081 91
1727981219872 1393.530187010765 92
1727981230709 1410.7253629863262 93
1727981241096 1427.2928900122643 94
1727981251138 1442.2720080018044 95
1727981261182 1457.0041530132294 96
1727981271236 1471.5345360040665 97
1727981281279 1484.863166987896 98
1727981291325 1499.461892992258 99
1727981301552 1514.8948340117931 100
1727981311636 1530.1724680066109 101
1727981321762 1545.3020460009575 102
1727981332462 1560.7050180137157 103
1727981342574 1576.6009100079536 104
1727981352617 1592.4120880067348 105
1727981362659 1607.3621700108051 106
1727981372968 1622.3990609943867 107
1727981383351 1637.9224869906902 108
1727981393397 1652.9519180059433 109
1727981403631 1667.521872997284 110
1727981414199 1682.2780410051346 111
1727981424266 1698.359549999237 112
1727981434308 1712.8780210018158 113
1727981444353 1727.7743270099163 114
1727981454555 1742.7098650038242 115
1727981465118 1758.25871399045 116
1727981475566 1773.7710109949112 117
1727981485825 1788.7440940141678 118
1727981496630 1803.727369993925 119
1727981507012 1819.3643260002136 120
1727981517182 1834.3998549878597 121
1727981527528 1850.2742240130901 122
1727981537573 1865.1617290079594 123
1727981547613 1879.5369910001755 124
1727981557963 1890.9524509906769 125
1727981568475 1907.5155839920044 126
1727981578981 1923.0527909994125 127
1727981589462 1938.0303039848804 128
1727981599542 1952.0624209940434 129
1727981609811 1966.7457500100136 130
1727981619854 1981.8867430090904 131
1727981629906 1993.069837987423 132
1727981640166 2008.1655029952526 133
1727981650420 2023.6735720038414 134
1727981660522 2038.8493809998035 135
1727981670602 2053.981483012438 136
1727981680918 2068.956315010786 137
1727981691413 2085.077358007431 138
1727981701456 2098.9852710068226 139
1727981711500 2113.8453580141068 140
1727981721666 2128.408966988325 141
1727981731713 2143.1707819998264 142
1727981741767 2155.649459004402 143
1727981751812 2171.285777002573 144
1727981761855 2186.1178140044212 145
1727981771913 2201.5654450058937 146
1727981782680 2216.6675060093403 147
1727981793055 2231.6461470127106 148
1727981803513 2242.7676489949226 149
1727981813898 2256.524888008833 150
1727981824174 2271.3902550041676 151
1727981834712 2285.785614013672 152
1727981845229 2300.486483991146 153
1727981855663 2315.48320299387 154
1727981865858 2330.279626995325 155
1727981876386 2345.95533400774 156
1727981886772 2360.4613440036774 157
1727981896816 2375.528789013624 158
1727981907118 2389.471524000168 159
1727981917360 2405.2430529892445 160
1727981927651 2420.8112739920616 161
1727981937695 2436.4310759902 162
1727981947744 2451.054612994194 163
1727981957790 2465.162993013859 164
1727981968366 2479.7192899882793 165
1727981978755 2495.4893589913845 166
1727981988799 2510.2685930132866 167
1727981998844 2525.120164990425 168
1727982009051 2539.9729450047016 169
1727982019603 2556.1235890090466 170
1727982030168 2571.235870987177 171
1727982040262 2586.805725991726 172
1727982050485 2600.6424370110035 173
1727982060901 2614.993602991104 174
1727982070945 2630.223598986864 175
1727982081038 2645.750218987465 176
1727982091089 2660.966733008623 177
1727982101136 2674.7914179861546 178
1727982111181 2690.8397519886494 179
1727982121227 2705.8008629977703 180
1727982131271 2721.045594006777 181
1727982141519 2735.8900179862976 182
1727982152661 2751.2609589993954 183
1727982163098 2768.0706399977207 184
1727982173145 2782.669304996729 185
1727982183373 2797.775175988674 186
1727982194035 2812.513787984848 187
1727982204296 2827.5149959921837 188
1727982214919 2842.494278997183 189
1727982225220 2857.1950440108776 190
1727982235526 2872.581348001957 191
1727982245756 2887.1801699995995 192
1727982256428 2902.2992610037327 193
1727982266961 2917.8356289863586 194
1727982277431 2932.588871985674 195
1727982287677 2947.191738009453 196
1727982297731 2962.6246969997883 197
1727982307776 2976.9082959890366 198
1727982317827 2991.6841489970684 199
1727982327880 3007.4857000112534 200
1727982337927 3021.5526269972324 201
1727982347975 3036.656942009926 202
1727982358182 3051.5629509985447 203
1727982368571 3067.502833008766 204
1727982378616 3082.450515985489 205
1727982388674 3097.9344660043716 206
1727982398889 3113.8190389871597 207
1727982409271 3130.474427998066 208
1727982419462 3145.7778159976006 209
1727982429805 3161.333846002817 210
1727982439977 3177.1054469943047 211
1727982450364 3192.996601998806 212
1727982461051 3208.430606007576 213
1727982471121 3224.1150769889355 214
1727982481323 3239.9801140129566 215
1727982491567 3255.2008390128613 216
1727982502040 3271.185889005661 217
1727982512136 3286.676340997219 218
1727982522185 3301.593380987644 219
1727982532229 3316.222301989794 220
1727982542479 3330.3247680068016 221
1727982553021 3345.6520749926567 222
1727982563443 3360.8387919962406 223
1727982573667 3375.9960449934006 224
1727982584057 3391.5831210017204 225
1727982594102 3407.0579639971256 226
1727982604147 3421.708375006914 227
1727982614314 3436.076364994049 228
1727982624702 3452.125541985035 229
1727982634745 3463.7800630033016 230
1727982645617 3479.106929987669 231
1727982655745 3495.4582040011883 232
1727982665940 3510.093939989805 233
1727982676652 3525.9959149956703 234
1727982687040 3541.586488991976 235
1727982697431 3557.277346998453 236
1727982708073 3572.056317985058 237
1727982718463 3588.5158630013466 238
1727982728857 3604.0983009934425 239
1727982739075 3618.716681987047 240
1727982749297 3633.7622460126877 241
1727982759451 3648.9593540132046 242
1727982769501 3663.8114449977875 243
1727982779549 3678.524783998728 244
1727982789595 3693.7616479992867 245
1727982799644 3708.3924849927425 246
1727982809694 3723.8544630110264 247
1727982820011 3739.0525670051575 248
1727982830758 3755.3988060057163 249
1727982840886 3769.8159230053425 250
1727982851281 3786.1891669929028 251
1727982861328 3800.4183979928493 252
1727982871374 3815.7719199955463 253
1727982881571 3830.9457280039787 254
1727982892089 3846.9016329944134 255
1727982902560 3862.8537180125713 256
1727982912793 3877.7916429936886 257
1727982923010 3893.543700993061 258
1727982933273 3908.6426489949226 259
1727982943438 3923.233350008726 260
1727982953489 3938.8054589927197 261
1727982963536 3953.860886991024 262
1727982973620 3968.3232670128345 263
1727982983863 3983.6415919959545 264
1727982994291 3999.6944090127945 265
1727983004335 4014.136918991804 266
1727983015059 4028.7418029904366 267
1727983025617 4045.1398830115795 268
1727983036124 4061.382239997387 269
1727983046244 4076.8573339879513 270
1727983056293 4091.7778100073338 271
1727983066824 4106.568121999502 272
1727983076873 4121.834362000227 273
1727983087031 4136.57001799345 274
1727983097617 4152.18277400732 275
1727983107848 4166.299400985241 276
1727983118087 4182.394156008959 277
1727983128145 4197.571002990007 278
1727983138197 4208.288210988045 279
1727983148244 4208.754148989916 280
1727983158477 4208.990673005581 281
1727983168613 4209.378288000822 282
1727983178992 4209.841679006815 283
1727983189148 4210.976213991642 284
1727983199223 4211.657436996698 285
1727983209431 4212.213995009661 286
1727983220116 4212.598042994738 287
1727983230633 4213.299998998642 288
1727983240720 4213.9831329882145 289
1727983250783 4214.470735013485 290
1727983260835 4215.434707999229 291
1727983270886 4215.93192499876 292
1727983281094 4216.601119995117 293
1727983291283 4217.241288989782 294
1727983301442 4217.879352986813 295
1727983311715 4218.644490003586 296
1727983322082 4219.828209012747 297
1727983332310 4220.384126991034 298
1727983342891 4220.7730259895325 299
1727983353386 4221.465880006552 300
1727983363731 4222.14439201355 301
1727983374321 4222.963521003723 302
1727983385000 4223.3855519890785 303
1727983395057 4224.476678013802 304
1727983405107 4225.18948200345 305
1727983415155 4226.249448984861 306
1727983425204 4226.878365010023 307
1727983435252 4227.878091990948 308
1727983445607 4228.318405002356 309
1727983455864 4229.489995002747 310
1727983465966 4230.194348990917 311
1727983476163 4230.543372005224 312
1727983486329 4231.315106004477 313
1727983496897 4232.037826001644 314
1727983507031 4232.72112300992 315
1727983517079 4233.822566986084 316
1727983527130 4234.316695004702 317
1727983537182 4235.018438011408 318
1727983547357 4235.9679310023785 319
1727983557743 4236.750636994839 320
1727983567793 4237.842180997133 321
1727983577844 4238.111180007458 322
1727983587926 4238.764690995216 323
1727983598010 4240.18176099658 324
1727983608062 4240.516348987818 325
1727983618244 4241.207269996405 326
1727983628482 4241.904159009457 327
1727983638647 4242.672412991524 328
1727983648720 4243.360229998827 329
1727983658773 4244.2521950006485 330
1727983668963 4245.07128199935 331
1727983679030 4245.740390986204 332
1727983689155 4246.352591007948 333
1727983699276 4246.759582012892 334
1727983709325 4247.351882994175 335
1727983719503 4248.268588006496 336
1727983729958 4249.023169994354 337
1727983740906 4249.656498998404 338
1727983752109 4250.023577988148 339
1727983762199 4250.780328005552 340
1727983772249 4251.495530992746 341
1727983782298 4252.2147189974785 342
1727983792666 4253.015383988619 343
1727983802802 4253.415776997805 344
1727983812863 4254.162748992443 345
1727983822930 4254.957895994186 346
1727983833117 4255.696244984865 347
1727983843556 4256.423193007708 348
1727983853857 4257.669102996588 349
1727983864075 4258.2741509974 350
1727983875095 4258.691202998161 351
1727983885264 4259.471545994282 352
1727983895327 4260.2039340138435 353
1727983905378 4260.97890201211 354
1727983915452 4261.240018993616 355
1727983925513 4261.514824002981 356
1727983935564 4261.799995988607 357
1727983945612 4262.055900990963 358
1727983955664 4262.330924004316 359
1727983965905 4263.404810011387 360
1727983976336 4264.594051003456 361
1727983986388 4265.2251099944115 362
1727983996438 4266.16218200326 363
1727984006708 4266.943767994642 364
1727984016758 4267.91620400548 365
1727984026806 4269.06701400876 366
1727984036856 4270.134943008423 367
1727984046909 4270.662009000778 368
1727984057133 4271.39457398653 369
1727984067217 4272.086396992207 370
1727984077285 4272.838081002235 371
1727984087397 4273.64873701334 372
1727984097872 4274.438033014536 373
1727984107982 4275.1933290064335 374
1727984118034 4275.535896003246 375
1727984128229 4276.109569013119 376
1727984138474 4276.539232999086 377
1727984148875 4277.454571008682 378
1727984158928 4278.6047250032425 379
1727984168985 4279.396670997143 380
1727984179524 4279.710528999567 381
1727984189797 4280.7094359993935 382
1727984199917 4281.51331999898 383
1727984210020 4282.202701002359 384
1727984220234 4282.665585011244 385
1727984230616 4283.937077999115 386
1727984240669 4284.815611988306 387
1727984251083 4285.353955000639 388
1727984261330 4285.791922986507 389
1727984271412 4286.768761008978 390
1727984281492 4287.873486995697 391
1727984291712 4289.341769009829 392
1727984301770 4290.159783005714 393
1727984311861 4290.791837006807 394
1727984321982 4291.234746992588 395
1727984332041 4292.018400013447 396
1727984342095 4292.411882996559 397
1727984352160 4293.208092004061 398
1727984362519 4294.277186989784 399
1727984372828 4294.704261988401 400
1727984383282 4295.094262003899 401
1727984393487 4295.928544998169 402
1727984404121 4296.686619013548 403
1727984414277 4297.000086992979 404
1727984424380 4297.718360990286 405
1727984434587 4298.597981005907 406
1727984444814 4298.899551004171 407
1727984455121 4299.667634010315 408
1727984465512 4299.984741002321 409
1727984475939 4300.764308989048 410
1727984485998 4301.223670005798 411
1727984496052 4302.237176001072 412
1727984506110 4303.172841012478 413
1727984516164 4304.4355899989605 414
1727984526219 4305.231341987848 415
1727984536420 4305.810954004526 416
1727984546833 4306.997987985611 417
1727984557053 4307.676012992859 418
1727984567128 4309.13122099638 419
1727984577190 4309.801196008921 420
1727984587248 4310.3751539886 421
1727984597303 4311.157613009214 422
1727984607922 4311.938158988953 423
1727984618364 4312.699088990688 424
1727984628595 4314.196485996246 425
1727984639260 4314.989915013313 426
1727984649368 4315.310750007629 427
1727984659532 4315.958941012621 428
1727984669746 4316.423290014267 429
1727984680071 4317.207765996456 430
1727984690212 4317.5286720097065 431
1727984700398 4318.416173994541 432
1727984710928 4319.17593100667 433
1727984721252 4319.830175995827 434
1727984731938 4320.382910013199 435
1727984742076 4321.190952003002 436
1727984752138 4322.143759012222 437
1727984762580 4322.919499009848 438
1727984773140 4323.8302269876 439
1727984783364 4324.633704006672 440
1727984793445 4325.479851990938 441
1727984803574 4325.876657009125 442
1727984813969 4326.601464986801 443
1727984824560 4327.664777994156 444
1727984835005 4328.8209210038185 445
1727984845204 4329.495337992907 446
1727984855719 4329.955168992281 447
1727984866124 4330.920599997044 448
1727984876261 4331.317133009434 449
1727984886623 4332.094888985157 450
1727984896702 4333.022293001413 451
1727984906908 4333.637668997049 452
1727984917902 4334.091389000416 453
1727984928430 4334.546220988035 454
1727984938979 4335.383996009827 455
1727984949158 4336.20617800951 456
1727984959212 4337.44830301404 457
1727984969270 4338.011476993561 458
1727984979609 4338.793769985437 459
1727984989664 4339.644944012165 460
1727984999974 4340.294005006552 461
1727985010487 4340.7771799862385 462
1727985020760 4341.617633998394 463
1727985030904 4341.981382012367 464
1727985041046 4343.300888001919 465
1727985051260 4344.027054011822 466
1727985061329 4344.502615988255 467
1727985071457 4345.69826900959 468
1727985081618 4346.191594004631 469
1727985091670 4346.897733002901 470
1727985101731 4347.407260000706 471
1727985111963 4348.945537000895 472
1727985122088 4349.756370007992 473
1727985132198 4350.449492007494 474
1727985142845 4350.971468985081 475
1727985153220 4351.878957986832 476
1727985163299 4352.823175996542 477
1727985173464 4353.453938990831 478
1727985183593 4353.950670003891 479
1727985193674 4355.585613012314 480
1727985203815 4356.305795013905 481
1727985213999 4356.63520398736 482
1727985224100 4357.129868000746 483
1727985234196 4357.59582901001 484
1727985244472 4357.906644999981 485
1727985254550 4358.393833994865 486
1727985264871 4358.737677007914 487
1727985274955 4359.05468198657 488
1727985285231 4359.373367995024 489
1727985295325 4360.041022002697 490
1727985305434 4360.357470005751 491
1727985315516 4360.678622990847 492
1727985325598 4361.004707992077 493
1727985335898 4361.327930986881 494
1727985346423 4361.659242987633 495
1727985356556 4361.9939750134945 496
1727985366650 4362.320089012384 497
1727985376973 4362.637369006872 498
1727985387056 4362.957076996565 499
1727985397144 4363.280066013336 500
1727985407605 4363.603751003742 501
1727985417711 4363.928099006414 502
1727985427975 4364.241012006998 503
1727985438108 4364.585543990135 504
1727985448200 4364.901327013969 505
1727985458329 4365.229555010796 506
1727985468408 4365.547161996365 507
1727985478472 4365.866822004318 508
1727985488544 4366.211273998022 509
1727985498603 4366.524958997965 510
1727985508814 4366.856970995665 511
1727985518934 4367.166437000036 512
1727985529419 4367.49143499136 513
1727985539478 4367.815528988838 514
1727985549552 4368.13764500618 515
1727985559612 4368.459998011589 516
1727985569667 4368.774816989899 517
