1727980287270 15591.9 0
1727980297323 15849.5 1
1727980307364 16222.0 2
1727980317402 16465.8 3
1727980327435 16742.1 4
1727980337469 17289.0 5
1727980347504 17593.6 6
1727980357540 17819.5 7
1727980367577 17829.0 8
1727980377614 17824.3 9
1727980387649 17856.6 10
1727980397686 18310.1 11
1727980407725 18410.1 12
1727980417762 18408.7 13
1727980427799 18437.6 14
1727980437839 18439.4 15
1727980447878 18402.4 16
1727980457917 18689.5 17
1727980467958 18571.3 18
1727980477998 18659.5 19
1727980488042 18685.9 20
1727980498136 18701.3 21
1727980508212 18699.0 22
1727980518251 18774.5 23
1727980528292 18985.2 24
1727980538331 19187.7 25
1727980548387 19186.3 26
1727980558428 19087.9 27
1727980568471 19160.4 28
1727980578511 19194.5 29
1727980588551 19178.1 30
1727980598589 19185.0 31
1727980608628 19320.1 32
1727980618667 19289.1 33
1727980628708 19333.9 34
1727980638766 19221.2 35
1727980648808 19224.4 36
1727980658870 19223.6 37
1727980668928 19273.4 38
1727980678971 19335.0 39
1727980689009 19278.0 40
1727980699049 19554.3 41
1727980709091 19487.5 42
1727980719132 19510.5 43
1727980729379 19448.8 44
1727980739695 19436.2 45
1727980749910 19493.0 46
1727980760466 19435.7 47
1727980770740 19385.4 48
1727980781110 19382.1 49
1727980791480 19381.5 50
1727980801808 19385.2 51
1727980812088 19384.3 52
1727980822130 19381.0 53
1727980832294 19381.3 54
1727980843408 19534.2 55
1727980853608 19442.0 56
1727980863659 19442.9 57
1727980873705 19451.9 58
1727980883751 19547.3 59
1727980893793 19556.2 60
1727980903834 19454.8 61
1727980913875 19642.9 62
1727980923921 19785.1 63
1727980933972 19722.8 64
1727980944010 19731.7 65
1727980954048 19742.5 66
1727980964111 19864.4 67
1727980974254 20027.5 68
1727980984340 19941.4 69
1727980994383 19942.7 70
1727981004425 19996.1 71
1727981014470 19940.5 72
1727981024524 19943.6 73
1727981034567 19943.2 74
1727981045477 20051.3 75
1727981055776 19960.6 76
1727981066002 20076.8 77
1727981076588 20052.9 78
1727981086855 20051.2 79
1727981096897 20177.2 80
1727981106964 20074.8 81
1727981117152 20061.4 82
1727981127353 20062.9 83
1727981137456 20064.9 84
1727981147780 20064.9 85
1727981157831 20062.3 86
1727981167872 20061.3 87
1727981177910 20096.8 88
1727981188248 20122.1 89
1727981198625 20201.2 90
1727981208680 20201.6 91
1727981219872 20229.3 92
1727981230709 20323.0 93
1727981241096 20322.6 94
1727981251138 20341.5 95
1727981261182 20532.1 96
1727981271236 20479.6 97
1727981281279 20480.8 98
1727981291325 20480.6 99
1727981301552 20560.6 100
1727981311636 20561.0 101
1727981321762 20665.0 102
1727981332462 20559.5 103
1727981342574 20558.6 104
1727981352617 20680.2 105
1727981362659 20575.3 106
1727981372968 20583.6 107
1727981383351 20561.9 108
1727981393397 20563.2 109
1727981403631 20563.5 110
1727981414199 20256.4 111
1727981424266 20246.9 112
1727981434308 20176.7 113
1727981444353 20176.4 114
1727981454555 20255.1 115
1727981465118 20234.3 116
1727981475566 20236.8 117
1727981485825 20348.4 118
1727981496630 20234.6 119
1727981507012 20236.1 120
1727981517182 20253.5 121
1727981527528 20239.7 122
1727981537573 20237.8 123
1727981547613 20238.1 124
1727981557963 20496.1 125
1727981568475 20550.3 126
1727981578981 20548.8 127
1727981589462 20548.5 128
1727981599542 20526.0 129
1727981609811 20554.8 130
1727981619854 20526.6 131
1727981629906 20616.1 132
1727981640166 20529.0 133
1727981650420 20621.1 134
1727981660522 20622.8 135
1727981670602 20623.0 136
1727981680918 20629.2 137
1727981691413 20621.8 138
1727981701456 20730.2 139
1727981711500 20657.6 140
1727981721666 20771.8 141
1727981731713 20957.3 142
1727981741767 21045.2 143
1727981751812 20957.9 144
1727981761855 20958.0 145
1727981771913 21083.3 146
1727981782680 20960.4 147
1727981793055 20974.5 148
1727981803513 20971.5 149
1727981813898 20972.6 150
1727981824174 21082.9 151
1727981834712 20973.9 152
1727981845229 20973.3 153
1727981855663 20973.5 154
1727981865858 20982.3 155
1727981876386 20974.7 156
1727981886772 20974.4 157
1727981896816 20973.4 158
1727981907118 21084.8 159
1727981917360 20976.3 160
1727981927651 20973.2 161
1727981937695 20974.9 162
1727981947744 20974.5 163
1727981957790 20998.0 164
1727981968366 20698.2 165
1727981978755 20442.4 166
1727981988799 20498.7 167
1727981998844 20458.4 168
1727982009051 20480.8 169
1727982019603 20487.6 170
1727982030168 20490.3 171
1727982040262 20491.8 172
1727982050485 20620.0 173
1727982060901 20495.2 174
1727982070945 20609.5 175
1727982081038 20497.7 176
1727982091089 20499.5 177
1727982101136 20495.0 178
1727982111181 20600.3 179
1727982121227 20559.4 180
1727982131271 20495.8 181
1727982141519 20495.7 182
1727982152661 20126.8 183
1727982163098 20126.1 184
1727982173145 20149.3 185
1727982183373 20309.8 186
1727982194035 20315.3 187
1727982204296 20286.4 188
1727982214919 20287.1 189
1727982225220 20282.6 190
1727982235526 20281.5 191
1727982245756 20405.6 192
1727982256428 20294.4 193
1727982266961 20294.2 194
1727982277431 20294.3 195
1727982287677 20295.1 196
1727982297731 20295.2 197
1727982307776 20357.9 198
1727982317827 20517.8 199
1727982327880 20449.9 200
1727982337927 20610.1 201
1727982347975 20640.8 202
1727982358182 20611.0 203
1727982368571 20605.0 204
1727982378616 20666.2 205
1727982388674 20712.3 206
1727982398889 20713.9 207
1727982409271 20713.4 208
1727982419462 20837.6 209
1727982429805 20720.3 210
1727982439977 20767.8 211
1727982450364 20713.8 212
1727982461051 20604.2 213
1727982471121 20600.4 214
1727982481323 20659.5 215
1727982491567 20599.6 216
1727982502040 20597.5 217
1727982512136 20599.2 218
1727982522185 20591.3 219
1727982532229 20433.7 220
1727982542479 20431.9 221
1727982553021 20554.8 222
1727982563443 20555.2 223
1727982573667 20556.5 224
1727982584057 20559.5 225
1727982594102 20561.8 226
1727982604147 20695.6 227
1727982614314 20902.4 228
1727982624702 20792.8 229
1727982634745 20794.5 230
1727982645617 21005.5 231
1727982655745 20930.1 232
1727982665940 20931.3 233
1727982676652 20931.1 234
1727982687040 20930.4 235
1727982697431 20932.4 236
1727982708073 20966.9 237
1727982718463 20934.8 238
1727982728857 20936.5 239
1727982739075 20936.6 240
1727982749297 20934.8 241
1727982759451 20936.3 242
1727982769501 20936.3 243
1727982779549 20995.0 244
1727982789595 20935.1 245
1727982799644 20935.6 246
1727982809694 20997.0 247
1727982820011 20997.8 248
1727982830758 20995.0 249
1727982840886 20996.5 250
1727982851281 20994.7 251
1727982861328 21075.5 252
1727982871374 21010.2 253
1727982881571 21047.4 254
1727982892089 20989.6 255
1727982902560 20992.8 256
1727982912793 21081.0 257
1727982923010 20989.8 258
1727982933273 20989.3 259
1727982943438 21056.8 260
1727982953489 21059.0 261
1727982963536 21072.7 262
1727982973620 21202.9 263
1727982983863 21127.4 264
1727982994291 21126.6 265
1727983004335 21123.9 266
1727983015059 21123.8 267
1727983025617 21128.0 268
1727983036124 21124.3 269
1727983046244 21123.2 270
1727983056293 21182.1 271
1727983066824 21125.6 272
1727983076873 21126.0 273
1727983087031 21125.7 274
1727983097617 21132.7 275
1727983107848 21133.4 276
1727983118087 21133.4 277
1727983128145 20459.9 278
1727983138197 14591.5 279
1727983148244 14545.5 280
1727983158477 14635.3 281
1727983168613 14792.8 282
1727983178992 14851.8 283
1727983189148 14789.7 284
1727983199223 13455.0 285
1727983209431 13565.0 286
1727983220116 13601.9 287
1727983230633 13606.6 288
1727983240720 13608.9 289
1727983250783 13626.8 290
1727983260835 13613.1 291
1727983270886 13723.7 292
1727983281094 13725.5 293
1727983291283 13612.4 294
1727983301442 13611.0 295
1727983311715 13621.0 296
1727983322082 13612.3 297
1727983332310 13611.2 298
1727983342891 13630.0 299
1727983353386 13629.7 300
1727983363731 13632.0 301
1727983374321 13847.1 302
1727983385000 13875.8 303
1727983395057 13845.9 304
1727983405107 13869.7 305
1727983415155 14113.1 306
1727983425204 14206.8 307
1727983435252 14299.9 308
1727983445607 14301.7 309
1727983455864 14300.3 310
1727983465966 14299.8 311
1727983476163 14404.3 312
1727983486329 14301.1 313
1727983496897 14300.6 314
1727983507031 14299.0 315
1727983517079 14296.5 316
1727983527130 14421.0 317
1727983537182 14388.6 318
1727983547357 14298.2 319
1727983557743 14298.8 320
1727983567793 14299.8 321
1727983577844 14304.9 322
1727983587926 14474.3 323
1727983598010 14406.5 324
1727983608062 14466.3 325
1727983618244 14422.9 326
1727983628482 14413.8 327
1727983638647 14410.8 328
1727983648720 14518.9 329
1727983658773 14648.3 330
1727983668963 14583.6 331
1727983679030 14521.6 332
1727983689155 14523.0 333
1727983699276 14618.0 334
1727983709325 14616.9 335
1727983719503 14722.9 336
1727983729958 14612.3 337
1727983740906 14612.3 338
1727983752109 14612.1 339
1727983762199 14612.7 340
1727983772249 14613.3 341
1727983782298 14710.5 342
1727983792666 14616.0 343
1727983802802 14616.7 344
1727983812863 14617.1 345
1727983822930 14675.3 346
1727983833117 14613.5 347
1727983843556 14611.9 348
1727983853857 14609.4 349
1727983864075 14609.9 350
1727983875095 14658.9 351
1727983885264 14659.7 352
1727983895327 14660.4 353
1727983905378 14841.4 354
1727983915452 14862.1 355
1727983925513 15079.2 356
1727983935564 15154.6 357
1727983945612 15123.0 358
1727983955664 14979.2 359
1727983965905 14788.3 360
1727983976336 14673.4 361
1727983986388 14735.2 362
1727983996438 14808.8 363
1727984006708 14851.2 364
1727984016758 14743.5 365
1727984026806 14853.8 366
1727984036856 14746.7 367
1727984046909 14870.1 368
1727984057133 14832.0 369
1727984067217 14743.9 370
1727984077285 14742.2 371
1727984087397 14843.7 372
1727984097872 14711.2 373
1727984107982 14712.2 374
1727984118034 14729.8 375
1727984128229 14713.8 376
1727984138474 14829.1 377
1727984148875 14827.0 378
1727984158928 14826.5 379
1727984168985 14869.8 380
1727984179524 14956.1 381
1727984189797 14927.1 382
1727984199917 14928.6 383
1727984210020 15140.6 384
1727984220234 15194.9 385
1727984230616 15197.9 386
1727984240669 15305.8 387
1727984251083 15198.0 388
1727984261330 15199.0 389
1727984271412 15200.2 390
1727984281492 15197.9 391
1727984291712 15198.0 392
1727984301770 15196.3 393
1727984311861 15201.7 394
1727984321982 15201.6 395
1727984332041 15201.8 396
1727984342095 15316.8 397
1727984352160 15220.8 398
1727984362519 15201.1 399
1727984372828 15254.5 400
1727984383282 15378.3 401
1727984393487 15256.7 402
1727984404121 15255.8 403
1727984414277 15255.6 404
1727984424380 15346.4 405
1727984434587 15256.1 406
1727984444814 15255.6 407
1727984455121 15255.7 408
1727984465512 15255.5 409
1727984475939 15255.8 410
1727984485998 14808.3 411
1727984496052 14816.2 412
1727984506110 14822.7 413
1727984516164 14823.7 414
1727984526219 14826.7 415
1727984536420 14947.1 416
1727984546833 14824.2 417
1727984557053 14902.9 418
1727984567128 14824.4 419
1727984577190 14823.8 420
1727984587248 14822.9 421
1727984597303 14892.5 422
1727984607922 14851.1 423
1727984618364 14822.7 424
1727984628595 14824.3 425
1727984639260 14824.9 426
1727984649368 14823.4 427
1727984659532 14826.1 428
1727984669746 14825.8 429
1727984680071 14826.4 430
1727984690212 14825.5 431
1727984700398 14943.6 432
1727984710928 14825.7 433
1727984721252 14825.7 434
1727984731938 14991.6 435
1727984742076 14987.7 436
1727984752138 14987.5 437
1727984762580 15080.0 438
1727984773140 14978.3 439
1727984783364 14988.4 440
1727984793445 14987.9 441
1727984803574 15113.6 442
1727984813969 14990.8 443
1727984824560 14992.2 444
1727984835005 14992.5 445
1727984845204 14993.4 446
1727984855719 14992.5 447
1727984866124 14993.5 448
1727984876261 15073.8 449
1727984886623 14314.7 450
1727984896702 14436.4 451
1727984906908 14353.0 452
1727984917902 14377.0 453
1727984928430 14375.7 454
1727984938979 14377.8 455
1727984949158 14375.5 456
1727984959212 14148.7 457
1727984969270 14086.0 458
1727984979609 13971.7 459
1727984989664 13962.4 460
1727984999974 13985.0 461
1727985010487 14043.5 462
1727985020760 14044.6 463
1727985030904 14052.6 464
1727985041046 14044.3 465
1727985051260 14033.4 466
1727985061329 14038.1 467
1727985071457 14046.5 468
1727985081618 14039.2 469
1727985091670 14033.0 470
1727985101731 14047.1 471
1727985111963 14092.2 472
1727985122088 14037.8 473
1727985132198 14052.1 474
1727985142845 14300.7 475
1727985153220 14300.5 476
1727985163299 14302.2 477
1727985173464 14296.0 478
1727985183593 14301.4 479
1727985193674 14307.0 480
1727985203815 14307.6 481
1727985213999 14307.2 482
1727985224100 14303.4 483
1727985234196 14303.6 484
1727985244472 14303.4 485
1727985254550 14303.1 486
1727985264871 13069.5 487
1727985274955 13067.0 488
1727985285231 13070.0 489
1727985295325 13070.1 490
1727985305434 11739.0 491
1727985315516 11739.9 492
1727985325598 11739.4 493
1727985335898 11738.3 494
1727985346423 11738.6 495
1727985356556 10181.6 496
1727985366650 10181.4 497
1727985376973 10182.9 498
1727985387056 10186.6 499
1727985397144 9389.9 500
1727985407605 8912.2 501
1727985417711 8911.7 502
1727985427975 8912.0 503
1727985438108 8285.2 504
1727985448200 7617.5 505
1727985458329 7617.9 506
1727985468408 7271.6 507
1727985478472 6116.4 508
1727985488544 6115.8 509
1727985498603 6115.9 510
1727985508814 6116.0 511
1727985518934 6116.2 512
1727985529419 6116.5 513
1727985539478 6116.0 514
1727985549552 6116.2 515
1727985559612 6116.0 516
1727985569667 6115.9 517
