1727980287270 2.9 0
1727980297323 2.9 1
1727980307364 3.0 2
1727980317402 3.0 3
1727980327435 3.1 4
1727980337469 3.2 5
1727980347504 3.3 6
1727980357540 3.3 7
1727980367577 3.3 8
1727980377614 3.3 9
1727980387649 3.3 10
1727980397686 3.4 11
1727980407725 3.4 12
1727980417762 3.4 13
1727980427799 3.4 14
1727980437839 3.4 15
1727980447878 3.4 16
1727980457917 3.5 17
1727980467958 3.4 18
1727980477998 3.5 19
1727980488042 3.5 20
1727980498136 3.5 21
1727980508212 3.5 22
1727980518251 3.5 23
1727980528292 3.5 24
1727980538331 3.5 25
1727980548387 3.5 26
1727980558428 3.5 27
1727980568471 3.5 28
1727980578511 3.6 29
1727980588551 3.5 30
1727980598589 3.5 31
1727980608628 3.6 32
1727980618667 3.6 33
1727980628708 3.6 34
1727980638766 3.6 35
1727980648808 3.6 36
1727980658870 3.6 37
1727980668928 3.6 38
1727980678971 3.6 39
1727980689009 3.6 40
1727980699049 3.6 41
1727980709091 3.6 42
1727980719132 3.6 43
1727980729379 3.6 44
1727980739695 3.6 45
1727980749910 3.6 46
1727980760466 3.6 47
1727980770740 3.6 48
1727980781110 3.6 49
1727980791480 3.6 50
1727980801808 3.6 51
1727980812088 3.6 52
1727980822130 3.6 53
1727980832294 3.6 54
1727980843408 3.6 55
1727980853608 3.6 56
1727980863659 3.6 57
1727980873705 3.6 58
1727980883751 3.6 59
1727980893793 3.6 60
1727980903834 3.6 61
1727980913875 3.6 62
1727980923921 3.7 63
1727980933972 3.6 64
1727980944010 3.6 65
1727980954048 3.7 66
1727980964111 3.7 67
1727980974254 3.7 68
1727980984340 3.7 69
1727980994383 3.7 70
1727981004425 3.7 71
1727981014470 3.7 72
1727981024524 3.7 73
1727981034567 3.7 74
1727981045477 3.7 75
1727981055776 3.7 76
1727981066002 3.7 77
1727981076588 3.7 78
1727981086855 3.7 79
1727981096897 3.7 80
1727981106964 3.7 81
1727981117152 3.7 82
1727981127353 3.7 83
1727981137456 3.7 84
1727981147780 3.7 85
1727981157831 3.7 86
1727981167872 3.7 87
1727981177910 3.7 88
1727981188248 3.7 89
1727981198625 3.7 90
1727981208680 3.7 91
1727981219872 3.7 92
1727981230709 3.8 93
1727981241096 3.8 94
1727981251138 3.8 95
1727981261182 3.8 96
1727981271236 3.8 97
1727981281279 3.8 98
1727981291325 3.8 99
1727981301552 3.8 100
1727981311636 3.8 101
1727981321762 3.8 102
1727981332462 3.8 103
1727981342574 3.8 104
1727981352617 3.8 105
1727981362659 3.8 106
1727981372968 3.8 107
1727981383351 3.8 108
1727981393397 3.8 109
1727981403631 3.8 110
1727981414199 3.7 111
1727981424266 3.7 112
1727981434308 3.7 113
1727981444353 3.7 114
1727981454555 3.7 115
1727981465118 3.7 116
1727981475566 3.7 117
1727981485825 3.8 118
1727981496630 3.7 119
1727981507012 3.7 120
1727981517182 3.7 121
1727981527528 3.7 122
1727981537573 3.7 123
1727981547613 3.7 124
1727981557963 3.8 125
1727981568475 3.8 126
1727981578981 3.8 127
1727981589462 3.8 128
1727981599542 3.8 129
1727981609811 3.8 130
1727981619854 3.8 131
1727981629906 3.8 132
1727981640166 3.8 133
1727981650420 3.8 134
1727981660522 3.8 135
1727981670602 3.8 136
1727981680918 3.8 137
1727981691413 3.8 138
1727981701456 3.8 139
1727981711500 3.8 140
1727981721666 3.8 141
1727981731713 3.9 142
1727981741767 3.9 143
1727981751812 3.9 144
1727981761855 3.9 145
1727981771913 3.9 146
1727981782680 3.9 147
1727981793055 3.9 148
1727981803513 3.9 149
1727981813898 3.9 150
1727981824174 3.9 151
1727981834712 3.9 152
1727981845229 3.9 153
1727981855663 3.9 154
1727981865858 3.9 155
1727981876386 3.9 156
1727981886772 3.9 157
1727981896816 3.9 158
1727981907118 3.9 159
1727981917360 3.9 160
1727981927651 3.9 161
1727981937695 3.9 162
1727981947744 3.9 163
1727981957790 3.9 164
1727981968366 3.8 165
1727981978755 3.8 166
1727981988799 3.8 167
1727981998844 3.8 168
1727982009051 3.8 169
1727982019603 3.8 170
1727982030168 3.8 171
1727982040262 3.8 172
1727982050485 3.8 173
1727982060901 3.8 174
1727982070945 3.8 175
1727982081038 3.8 176
1727982091089 3.8 177
1727982101136 3.8 178
1727982111181 3.8 179
1727982121227 3.8 180
1727982131271 3.8 181
1727982141519 3.8 182
1727982152661 3.7 183
1727982163098 3.7 184
1727982173145 3.7 185
1727982183373 3.8 186
1727982194035 3.8 187
1727982204296 3.8 188
1727982214919 3.8 189
1727982225220 3.8 190
1727982235526 3.8 191
1727982245756 3.8 192
1727982256428 3.8 193
1727982266961 3.8 194
1727982277431 3.8 195
1727982287677 3.8 196
1727982297731 3.8 197
1727982307776 3.8 198
1727982317827 3.8 199
1727982327880 3.8 200
1727982337927 3.8 201
1727982347975 3.8 202
1727982358182 3.8 203
1727982368571 3.8 204
1727982378616 3.8 205
1727982388674 3.8 206
1727982398889 3.8 207
1727982409271 3.8 208
1727982419462 3.9 209
1727982429805 3.8 210
1727982439977 3.8 211
1727982450364 3.8 212
1727982461051 3.8 213
1727982471121 3.8 214
1727982481323 3.8 215
1727982491567 3.8 216
1727982502040 3.8 217
1727982512136 3.8 218
1727982522185 3.8 219
1727982532229 3.8 220
1727982542479 3.8 221
1727982553021 3.8 222
1727982563443 3.8 223
1727982573667 3.8 224
1727982584057 3.8 225
1727982594102 3.8 226
1727982604147 3.8 227
1727982614314 3.9 228
1727982624702 3.8 229
1727982634745 3.8 230
1727982645617 3.9 231
1727982655745 3.9 232
1727982665940 3.9 233
1727982676652 3.9 234
1727982687040 3.9 235
1727982697431 3.9 236
1727982708073 3.9 237
1727982718463 3.9 238
1727982728857 3.9 239
1727982739075 3.9 240
1727982749297 3.9 241
1727982759451 3.9 242
1727982769501 3.9 243
1727982779549 3.9 244
1727982789595 3.9 245
1727982799644 3.9 246
1727982809694 3.9 247
1727982820011 3.9 248
1727982830758 3.9 249
1727982840886 3.9 250
1727982851281 3.9 251
1727982861328 3.9 252
1727982871374 3.9 253
1727982881571 3.9 254
1727982892089 3.9 255
1727982902560 3.9 256
1727982912793 3.9 257
1727982923010 3.9 258
1727982933273 3.9 259
1727982943438 3.9 260
1727982953489 3.9 261
1727982963536 3.9 262
1727982973620 3.9 263
1727982983863 3.9 264
1727982994291 3.9 265
1727983004335 3.9 266
1727983015059 3.9 267
1727983025617 3.9 268
1727983036124 3.9 269
1727983046244 3.9 270
1727983056293 3.9 271
1727983066824 3.9 272
1727983076873 3.9 273
1727983087031 3.9 274
1727983097617 3.9 275
1727983107848 3.9 276
1727983118087 3.9 277
1727983128145 3.8 278
1727983138197 2.7 279
1727983148244 2.7 280
1727983158477 2.7 281
1727983168613 2.7 282
1727983178992 2.7 283
1727983189148 2.7 284
1727983199223 2.5 285
1727983209431 2.5 286
1727983220116 2.5 287
1727983230633 2.5 288
1727983240720 2.5 289
1727983250783 2.5 290
1727983260835 2.5 291
1727983270886 2.5 292
1727983281094 2.5 293
1727983291283 2.5 294
1727983301442 2.5 295
1727983311715 2.5 296
1727983322082 2.5 297
1727983332310 2.5 298
1727983342891 2.5 299
1727983353386 2.5 300
1727983363731 2.5 301
1727983374321 2.6 302
1727983385000 2.6 303
1727983395057 2.6 304
1727983405107 2.6 305
1727983415155 2.6 306
1727983425204 2.6 307
1727983435252 2.6 308
1727983445607 2.6 309
1727983455864 2.6 310
1727983465966 2.6 311
1727983476163 2.7 312
1727983486329 2.6 313
1727983496897 2.6 314
1727983507031 2.6 315
1727983517079 2.6 316
1727983527130 2.7 317
1727983537182 2.7 318
1727983547357 2.6 319
1727983557743 2.6 320
1727983567793 2.6 321
1727983577844 2.6 322
1727983587926 2.7 323
1727983598010 2.7 324
1727983608062 2.7 325
1727983618244 2.7 326
1727983628482 2.7 327
1727983638647 2.7 328
1727983648720 2.7 329
1727983658773 2.7 330
1727983668963 2.7 331
1727983679030 2.7 332
1727983689155 2.7 333
1727983699276 2.7 334
1727983709325 2.7 335
1727983719503 2.7 336
1727983729958 2.7 337
1727983740906 2.7 338
1727983752109 2.7 339
1727983762199 2.7 340
1727983772249 2.7 341
1727983782298 2.7 342
1727983792666 2.7 343
1727983802802 2.7 344
1727983812863 2.7 345
1727983822930 2.7 346
1727983833117 2.7 347
1727983843556 2.7 348
1727983853857 2.7 349
1727983864075 2.7 350
1727983875095 2.7 351
1727983885264 2.7 352
1727983895327 2.7 353
1727983905378 2.7 354
1727983915452 2.7 355
1727983925513 2.8 356
1727983935564 2.8 357
1727983945612 2.8 358
1727983955664 2.8 359
1727983965905 2.7 360
1727983976336 2.7 361
1727983986388 2.7 362
1727983996438 2.7 363
1727984006708 2.7 364
1727984016758 2.7 365
1727984026806 2.7 366
1727984036856 2.7 367
1727984046909 2.8 368
1727984057133 2.7 369
1727984067217 2.7 370
1727984077285 2.7 371
1727984087397 2.7 372
1727984097872 2.7 373
1727984107982 2.7 374
1727984118034 2.7 375
1727984128229 2.7 376
1727984138474 2.7 377
1727984148875 2.7 378
1727984158928 2.7 379
1727984168985 2.8 380
1727984179524 2.8 381
1727984189797 2.8 382
1727984199917 2.8 383
1727984210020 2.8 384
1727984220234 2.8 385
1727984230616 2.8 386
1727984240669 2.8 387
1727984251083 2.8 388
1727984261330 2.8 389
1727984271412 2.8 390
1727984281492 2.8 391
1727984291712 2.8 392
1727984301770 2.8 393
1727984311861 2.8 394
1727984321982 2.8 395
1727984332041 2.8 396
1727984342095 2.8 397
1727984352160 2.8 398
1727984362519 2.8 399
1727984372828 2.8 400
1727984383282 2.8 401
1727984393487 2.8 402
1727984404121 2.8 403
1727984414277 2.8 404
1727984424380 2.8 405
1727984434587 2.8 406
1727984444814 2.8 407
1727984455121 2.8 408
1727984465512 2.8 409
1727984475939 2.8 410
1727984485998 2.7 411
1727984496052 2.7 412
1727984506110 2.7 413
1727984516164 2.7 414
1727984526219 2.7 415
1727984536420 2.8 416
1727984546833 2.7 417
1727984557053 2.8 418
1727984567128 2.7 419
1727984577190 2.7 420
1727984587248 2.7 421
1727984597303 2.8 422
1727984607922 2.7 423
1727984618364 2.7 424
1727984628595 2.7 425
1727984639260 2.7 426
1727984649368 2.7 427
1727984659532 2.7 428
1727984669746 2.7 429
1727984680071 2.7 430
1727984690212 2.7 431
1727984700398 2.8 432
1727984710928 2.7 433
1727984721252 2.7 434
1727984731938 2.8 435
1727984742076 2.8 436
1727984752138 2.8 437
1727984762580 2.8 438
1727984773140 2.8 439
1727984783364 2.8 440
1727984793445 2.8 441
1727984803574 2.8 442
1727984813969 2.8 443
1727984824560 2.8 444
1727984835005 2.8 445
1727984845204 2.8 446
1727984855719 2.8 447
1727984866124 2.8 448
1727984876261 2.8 449
1727984886623 2.6 450
1727984896702 2.7 451
1727984906908 2.7 452
1727984917902 2.7 453
1727984928430 2.7 454
1727984938979 2.7 455
1727984949158 2.7 456
1727984959212 2.6 457
1727984969270 2.6 458
1727984979609 2.6 459
1727984989664 2.6 460
1727984999974 2.6 461
1727985010487 2.6 462
1727985020760 2.6 463
1727985030904 2.6 464
1727985041046 2.6 465
1727985051260 2.6 466
1727985061329 2.6 467
1727985071457 2.6 468
1727985081618 2.6 469
1727985091670 2.6 470
1727985101731 2.6 471
1727985111963 2.6 472
1727985122088 2.6 473
1727985132198 2.6 474
1727985142845 2.6 475
1727985153220 2.6 476
1727985163299 2.6 477
1727985173464 2.6 478
1727985183593 2.6 479
1727985193674 2.6 480
1727985203815 2.6 481
1727985213999 2.6 482
1727985224100 2.6 483
1727985234196 2.6 484
1727985244472 2.6 485
1727985254550 2.6 486
1727985264871 2.4 487
1727985274955 2.4 488
1727985285231 2.4 489
1727985295325 2.4 490
1727985305434 2.2 491
1727985315516 2.2 492
1727985325598 2.2 493
1727985335898 2.2 494
1727985346423 2.2 495
1727985356556 1.9 496
1727985366650 1.9 497
1727985376973 1.9 498
1727985387056 1.9 499
1727985397144 1.7 500
1727985407605 1.6 501
1727985417711 1.6 502
1727985427975 1.6 503
1727985438108 1.5 504
1727985448200 1.4 505
1727985458329 1.4 506
1727985468408 1.3 507
1727985478472 1.1 508
1727985488544 1.1 509
1727985498603 1.1 510
1727985508814 1.1 511
1727985518934 1.1 512
1727985529419 1.1 513
1727985539478 1.1 514
1727985549552 1.1 515
1727985559612 1.1 516
1727985569667 1.1 517
