1727971514588 0.005057990550994873 0
1727971525215 782.1613879799843 1
1727971535326 1535.8644659817219 2
1727971545474 2310.966645002365 3
1727971555673 3110.010598987341 4
1727971565748 3860.0583060085773 5
1727971575807 4598.818430006504 6
1727971585900 5349.576031982899 7
1727971596027 6083.998681992292 8
1727971606142 6835.0295749902725 9
1727971616480 7575.394629001617 10
1727971626572 8301.263094007969 11
1727971636631 9054.350641995668 12
1727971646725 9801.422407984734 13
1727971656878 10558.419380992651 14
1727971666965 11322.72689500451 15
1727971677346 12039.005742996931 16
1727971687415 12826.861095994711 17
