1727971514588 0.003457993268966675 0
1727971525215 938.2628099918365 1
1727971535326 2285.4707849919796 2
1727971545474 3186.500598013401 3
1727971555673 4002.1805079877377 4
1727971565748 4768.789353996515 5
1727971575807 5507.297993987799 6
1727971585900 6714.2236849963665 7
1727971596027 7448.5747520029545 8
1727971606142 8433.024241000414 9
1727971616480 9172.898894995451 10
1727971626572 9898.349635004997 11
1727971636631 10685.098596990108 12
1727971646725 11869.361304014921 13
1727971656878 12642.513370007277 14
1727971666965 13432.628951013088 15
1727971677346 14577.7064050138 16
1727971687415 15364.999599009752 17
