1727713141625 91.8 0
1727713152031 100.0 1
1727713162308 100.0 2
1727713172980 100.0 3
1727713183550 100.0 4
1727713193816 100.0 5
1727713203987 100.0 6
1727713214314 100.0 7
1727713224682 100.0 8
1727713235107 100.0 9
1727713245289 100.0 10
1727713255512 100.0 11
1727713265761 100.0 12
1727713276077 100.0 13
1727713286323 99.7 14
1727713296594 99.7 15
1727713306815 100.0 16
1727713317091 100.0 17
1727713327385 100.0 18
1727713337646 100.0 19
1727713347880 100.0 20
1727713358131 100.0 21
1727713368674 100.0 22
1727713378991 100.0 23
1727713389316 100.0 24
1727713399707 100.0 25
1727713410063 100.0 26
1727713420517 100.0 27
1727713430748 100.0 28
1727713441116 100.0 29
1727713456271 100.0 30
1727713466573 100.0 31
1727713476822 100.0 32
1727713487460 100.0 33
1727713497692 100.0 34
1727713507918 100.0 35
