1727713141625 83.8 0
1727713152031 83.8 1
1727713162308 83.8 2
1727713172980 83.8 3
1727713183550 83.8 4
1727713193816 83.8 5
1727713203987 83.8 6
1727713214314 83.8 7
1727713224682 83.8 8
1727713235107 83.8 9
1727713245289 83.8 10
1727713255512 83.8 11
1727713265761 83.8 12
1727713276077 83.8 13
1727713286323 83.8 14
1727713296594 83.8 15
1727713306815 83.8 16
1727713317091 83.8 17
1727713327385 83.8 18
1727713337646 83.8 19
1727713347880 83.8 20
1727713358131 83.8 21
1727713368674 83.8 22
1727713378991 83.8 23
1727713389316 83.8 24
1727713399707 83.8 25
1727713410063 83.8 26
1727713420517 83.8 27
1727713430748 83.8 28
1727713441116 83.8 29
1727713456271 83.8 30
1727713466573 83.8 31
1727713476822 83.8 32
1727713487460 83.8 33
1727713497692 83.8 34
1727713507918 83.8 35
