1727713141625 428095.4 0
1727713152031 428095.4 1
1727713162308 428095.6 2
1727713172980 428095.6 3
1727713183550 428100.4 4
1727713193816 428104.8 5
1727713203987 428104.8 6
1727713214314 428105.0 7
1727713224682 428108.4 8
1727713235107 428105.6 9
1727713245289 428105.8 10
1727713255512 428109.1 11
1727713265761 428101.2 12
1727713276077 428124.7 13
1727713286323 428107.0 14
1727713296594 428103.3 15
1727713306815 428116.3 16
1727713317091 428103.3 17
1727713327385 428105.5 18
1727713337646 428119.2 19
1727713347880 428120.9 20
1727713358131 428141.2 21
1727713368674 428125.3 22
1727713378991 428135.6 23
1727713389316 428124.8 24
1727713399707 428165.0 25
1727713410063 428142.9 26
1727713420517 428160.3 27
1727713430748 428161.3 28
1727713441116 428111.3 29
1727713456271 428122.2 30
1727713466573 428108.7 31
1727713476822 428108.7 32
1727713487460 428109.1 33
1727713497692 428109.5 34
1727713507918 428109.4 35
