1727713141625 83041.7 0
1727713152031 83041.7 1
1727713162308 83041.5 2
1727713172980 83041.5 3
1727713183550 83036.7 4
1727713193816 83032.3 5
1727713203987 83032.3 6
1727713214314 83032.1 7
1727713224682 83028.7 8
1727713235107 83031.5 9
1727713245289 83031.3 10
1727713255512 83028.0 11
1727713265761 83035.9 12
1727713276077 83012.4 13
1727713286323 83030.1 14
1727713296594 83033.8 15
1727713306815 83020.8 16
1727713317091 83033.8 17
1727713327385 83031.6 18
1727713337646 83017.9 19
1727713347880 83016.2 20
1727713358131 82995.9 21
1727713368674 83011.8 22
1727713378991 83001.4 23
1727713389316 83012.3 24
1727713399707 82972.1 25
1727713410063 82994.1 26
1727713420517 82976.8 27
1727713430748 82975.8 28
1727713441116 83025.8 29
1727713456271 83014.9 30
1727713466573 83028.3 31
1727713476822 83028.4 32
1727713487460 83027.9 33
1727713497692 83027.6 34
1727713507918 83027.7 35
