1727713141625 15.0 0
1727713152031 14.0 1
1727713162308 0.0 2
1727713172980 15.0 3
1727713183550 6.0 4
1727713193816 15.0 5
1727713203987 8.0 6
1727713214314 6.0 7
1727713224682 29.0 8
1727713235107 11.0 9
1727713245289 16.0 10
1727713255512 5.0 11
1727713265761 15.0 12
1727713276077 4.0 13
1727713286323 8.0 14
1727713296594 15.0 15
1727713306815 9.0 16
1727713317091 15.0 17
1727713327385 7.0 18
1727713337646 12.0 19
1727713347880 7.0 20
1727713358131 6.0 21
1727713368674 5.0 22
1727713378991 16.0 23
1727713389316 5.0 24
1727713399707 16.0 25
1727713410063 0.0 26
1727713420517 14.0 27
1727713430748 15.0 28
1727713441116 4.0 29
1727713456271 4.0 30
1727713466573 4.0 31
1727713476822 11.0 32
1727713487460 6.0 33
1727713497692 6.0 34
1727713507918 6.0 35
