1727713141625 256.6 0
1727713152031 247.4 1
1727713162308 259.7 2
1727713172980 246.6 3
1727713183550 258.8 4
1727713193816 235.1 5
1727713203987 260.1 6
1727713214314 284.1 7
1727713224682 254.2 8
1727713235107 275.6 9
1727713245289 310.3 10
1727713255512 295.9 11
1727713265761 309.7 12
1727713276077 289.0 13
1727713286323 296.9 14
1727713296594 305.2 15
1727713306815 292.0 16
1727713317091 309.9 17
1727713327385 303.6 18
1727713337646 272.1 19
1727713347880 252.7 20
1727713358131 251.4 21
1727713368674 236.6 22
1727713378991 245.9 23
1727713389316 244.0 24
1727713399707 246.4 25
1727713410063 231.6 26
1727713420517 259.1 27
1727713430748 229.5 28
1727713441116 259.7 29
1727713456271 256.3 30
1727713466573 274.2 31
1727713476822 229.7 32
1727713487460 300.5 33
1727713497692 284.4 34
1727713507918 316.7 35
