1727713141625 11.9 0
1727713152031 11.5 1
1727713162308 12.1 2
1727713172980 11.5 3
1727713183550 12.0 4
1727713193816 10.9 5
1727713203987 12.1 6
1727713214314 13.2 7
1727713224682 11.8 8
1727713235107 12.8 9
1727713245289 14.5 10
1727713255512 13.8 11
1727713265761 14.4 12
1727713276077 13.5 13
1727713286323 13.8 14
1727713296594 14.2 15
1727713306815 13.6 16
1727713317091 14.4 17
1727713327385 14.1 18
1727713337646 12.7 19
1727713347880 11.8 20
1727713358131 11.7 21
1727713368674 11.0 22
1727713378991 11.5 23
1727713389316 11.4 24
1727713399707 11.5 25
1727713410063 10.8 26
1727713420517 12.1 27
1727713430748 10.7 28
1727713441116 12.1 29
1727713456271 11.9 30
1727713466573 12.8 31
1727713476822 10.7 32
1727713487460 14.0 33
1727713497692 13.2 34
1727713507918 14.7 35
