1727713141625 9.199999999864872e-05 0
1727713152031 0.040155999999999636 1
1727713162308 0.04536600000000135 2
1727713172980 0.05363700000000193 3
1727713183550 0.08303100000000185 4
1727713193816 0.08492400000000089 5
1727713203987 0.10096100000000163 6
1727713214314 0.20697799999999944 7
1727713224682 0.6586719999999993 8
1727713235107 0.7859809999999996 9
1727713245289 0.9597660000000019 10
1727713255512 1.1182949999999998 11
1727713265761 1.2437369999999994 12
1727713276077 1.4620740000000012 13
1727713286323 1.4832870000000007 14
1727713296594 1.5246940000000002 15
1727713306815 1.8297109999999996 16
1727713317091 1.8825380000000003 17
1727713327385 2.2793789999999987 18
1727713337646 2.4758999999999993 19
1727713347880 2.8906080000000003 20
1727713358131 3.1162729999999996 21
1727713368674 3.2057350000000007 22
1727713378991 3.542822000000001 23
1727713389316 3.931163999999999 24
1727713399707 3.9948760000000014 25
1727713410063 4.373615000000001 26
1727713420517 4.5041769999999985 27
1727713430748 4.639441999999999 28
1727713441116 4.729248999999999 29
1727713456271 4.924671 30
1727713466573 4.929103999999999 31
1727713476822 4.944053 32
1727713487460 4.961328000000002 33
1727713497692 4.974117 34
1727713507918 4.9892129999999995 35
