1727713141625 0.0 0
1727713152031 0.002437999999999718 1
1727713162308 0.002602999999999689 2
1727713172980 0.002823000000000242 3
1727713183550 0.011172000000000182 4
1727713193816 0.011715999999999838 5
1727713203987 0.020208999999999477 6
1727713214314 0.05038199999999993 7
1727713224682 0.11215900000000012 8
1727713235107 0.1535169999999999 9
1727713245289 0.20365300000000008 10
1727713255512 0.28028799999999965 11
1727713265761 0.3511730000000002 12
1727713276077 0.4128400000000001 13
1727713286323 0.4241140000000003 14
1727713296594 0.43697499999999945 15
1727713306815 0.5131639999999997 16
1727713317091 0.5600529999999999 17
1727713327385 0.6603630000000003 18
1727713337646 0.6967369999999997 19
1727713347880 0.8156470000000002 20
1727713358131 0.8769270000000002 21
1727713368674 0.9165450000000002 22
1727713378991 1.0230059999999996 23
1727713389316 1.1241219999999998 24
1727713399707 1.1414270000000002 25
1727713410063 1.247376 26
1727713420517 1.2772300000000003 27
1727713430748 1.317952 28
1727713441116 1.346737 29
1727713456271 1.3909570000000002 30
1727713466573 1.3916339999999998 31
1727713476822 1.3917989999999998 32
1727713487460 1.3957689999999996 33
1727713497692 1.4060160000000002 34
1727713507918 1.4063879999999997 35
