1727713141625 92.5 0
1727713152031 94.3 1
1727713162308 96.2 2
1727713172980 96.0 3
1727713183550 95.0 4
1727713193816 95.0 5
1727713203987 94.6 6
1727713214314 95.0 7
1727713224682 95.1 8
1727713235107 95.8 9
1727713245289 93.7 10
1727713255512 92.4 11
1727713265761 91.8 12
1727713276077 91.8 13
1727713286323 92.3 14
1727713296594 91.4 15
1727713306815 93.0 16
1727713317091 93.7 17
1727713327385 93.8 18
1727713337646 93.8 19
1727713347880 93.9 20
1727713358131 95.1 21
1727713368674 96.6 22
1727713378991 96.7 23
1727713389316 96.8 24
1727713399707 97.5 25
1727713410063 98.5 26
1727713420517 97.8 27
1727713430748 96.9 28
1727713441116 97.1 29
1727713456271 98.3 30
1727713466573 97.9 31
1727713476822 97.3 32
1727713487460 96.9 33
1727713497692 96.2 34
1727713507918 95.2 35
