1727713141625 15714.1 0
1727713152031 16010.4 1
1727713162308 16345.3 2
1727713172980 16301.0 3
1727713183550 16143.4 4
1727713193816 16139.6 5
1727713203987 16069.3 6
1727713214314 16143.5 7
1727713224682 16158.1 8
1727713235107 16270.2 9
1727713245289 15909.2 10
1727713255512 15698.6 11
1727713265761 15595.9 12
1727713276077 15590.1 13
1727713286323 15674.9 14
1727713296594 15526.8 15
1727713306815 15801.5 16
1727713317091 15906.8 17
1727713327385 15925.7 18
1727713337646 15925.9 19
1727713347880 15953.6 20
1727713358131 16161.0 21
1727713368674 16408.7 22
1727713378991 16431.9 23
1727713389316 16442.9 24
1727713399707 16554.0 25
1727713410063 16724.2 26
1727713420517 16606.1 27
1727713430748 16458.5 28
1727713441116 16495.2 29
1727713456271 16701.7 30
1727713466573 16624.5 31
1727713476822 16527.3 32
1727713487460 16459.2 33
1727713497692 16336.6 34
1727713507918 16167.3 35
