1727702423278 5.499999998903604e-05 0
1727702433672 0.04821499999999901 1
1727702443900 0.08729499999999746 2
1727702454151 0.0933469999999943 3
1727702464524 0.09356499999999812 4
1727702475107 0.10258299999999565 5
1727702485584 0.11687099999998907 6
1727702495815 0.1232959999999963 7
1727702506060 0.13900999999999897 8
1727702516717 0.1395869999999917 9
1727702527023 0.18348899999999446 10
1727702537458 0.20648199999999406 11
1727702547750 0.20675699999999608 12
1727702558067 0.2260789999999986 13
